===> Verifying dependencies...
===> Analyzing applications...
===> Compiling recsys
===> Compiling erlsem
===> Compiling musem
===> Testing prop_equiv:prop_parse_and_emptiness()
16
2
2
2
2
4
2
2
5
3
.2
3
1
2
2
2
2
2
2
3
.1
2
1
2
2
2
3
30
2
2
.1
1
1
2
2
6
4
3
3
4
.2
1
2
2
4
2
2
2
2
2
.2
2
2
2
3
2
3
3
3
4
.2
2
2
2
3
3
3
4
4
5
.1
2
1
2
20
3
3
3
115
4
.2
1
2
2
3
3
4
4
5
5
.1
2
2
2
3
3
4
4
5
7
.2
3
4
5
9
9
16
31
24
22
.2
2
2
2
3
4
5
8
8
9
.2
2
3
3
4
6
6
8
8
9
.4
7
8
26
21
35
19
26
21
29
.4
4
7
12
14
11
10
12
45
16
.2
2
4
3
4
4
5
8
9
9
.2
3
4
5
7
8
35
14
29
51
.2
2
3
3
4
4
7
6
7
8
.1
2
2
3
3
3
5
7
9
10
.2
2
3
11
4
5
5
9
8
9
.2
2
26
2
3
3
4
4
7
11
.6
11
7
8
11
14
27
29
98
146
.6
6
11
8
12
10
11
12
14
14
.3
4
5
6
9
9
12
24
40
77
.6
12
20
47
189
74
54
64
169
82
.10
9
28
7
10
11
16
29
15
19
.4
6
10
10
11
22
32
95
24
110
.5
6
10
28
18
17
21
22
36
43
.5
6
7
12
57
16
29
18
48
29
.5
3
3
4
5
4
6
9
9
10
.2
3
3
3
5
6
8
10
11
14
.2
4
5
6
10
15
13
21
18
39
.4
3
5
6
9
10
15
16
67
89
.4
4
6
7
10
11
11
12
14
34
.5
6
12
51
30
39
37
45
117
68
.7
7
10
12
14
15
35
31
238
23
.3
2
7
19
20
18
98
20
117
37
.3
2
3
5
7
10
13
14
32
41
.2
2
3
4
5
8
10
14
13
21
.2
2
7
10
10
13
47
58
65
56
.10
5
5
7
4
6
8
10
36
14
.4
6
9
12
13
16
19
39
98
70
.3
3
5
5
6
9
10
12
14
16
.4
2
4
3
4
5
8
15
29
23
.3
5
5
5
6
12
73
15
16
27
.9
2
6
10
17
15
19
21
30
40
.3
2
2
2
2
5
5
4
8
9
.3
5
9
34
27
25
81
42
41
53
.3
3
3
3
6
12
10
10
12
14
.2
3
3
4
5
7
8
9
15
25
.3
2
2
3
5
8
10
13
13
15
.2
2
6
9
15
27
33
23
47
38
.8
7
19
17
16
18
37
64
68
66
.3
5
4
9
12
10
11
12
15
18
.3
2
5
10
22
22
51
78
137
65
.6
10
20
33
35
37
83
60
150
321
.9
6
9
17
37
27
24
21
57
29
.5
5
8
11
10
46
19
28
69
104
.2
3
2
5
8
13
12
17
26
33
.5
6
9
13
28
20
26
31
74
44
.3
10
10
37
31
100
187
211
276
106
.23
27
28
60
50
72
83
114
119
156
.4
7
11
19
63
37
56
67
88
1199
.7
5
28
18
17
20
33
53
23
32
.18
16
23
39
42
54
279
86
571
223
.5
27
24
30
33
65
340
71
138
79
.6
10
41
32
30
45
48
110
64
74
.3
6
10
24
25
39
48
53
55
188
.7
7
10
17
20
52
57
43
45
66
.3
2
3
4
5
7
8
9
11
14
.4
5
14
35
28
15
22
20
62
23
.13
17
25
25
22
24
50
40
278
82
.7
10
11
14
21
35
39
128
588
83
.10
9
14
22
40
52
60
114
78
164
.4
5
5
7
11
22
13
13
18
19
.2
4
3
4
4
6
14
30
11
13
.2
2
3
3
4
6
7
7
9
21
.6
5
3
5
4
5
8
10
10
11
.7
29
30
58
71
156
100
355
148
410
.61
4
4
5
6
9
9
34
23
17
.3
8
17
33
88
294
409
101
118
833
.10
24
33
96
142
504
93
106
240
143
.3
2
2
3
4
4
7
9
16
24
.13
16
23
78
248
61
86
912
116
169
.6
15
8
11
67
32
66
44
57
213
.6
8
34
48
137
156
89
327
306
370
.5
5
8
71
17
32
30
43
78
78
.8
23
32
34
50
415
2370
96
118
137
.9
10
15
21
43
42
46
68
163
332
.8
13
23
46
65
406
125
132
205
95
.5
47
47
35
246
68
348
174
559
595
.9
27
22
29
85
49
77
107
124
88
.6
11
11
17
36
47
63
38
47
111
.12
14
12
30
38
41
97
71
97
120
.5
5
6
6
11
20
38
86
36
37
.18
33
32
42
107
83
602
134
892
629
.6
18
21
90
85
67
77
514
225
121
.14
23
33
41
148
165
102
130
460
171
.7
7
14
17
29
33
113
39
50
61
.4
6
10
17
23
25
42
39
60
69
.
[01;32mOK: Passed 100 test(s).
[00m===> Testing prop_equiv:prop_parse_and_emptiness()
2
2
2
2
6
2
2
2
3
3
.2
1
2
2
3
2
2
2
3
3
.2
1
1
1
4
2
2
2
3
3
.3
1
2
2
2
3
3
4
4
5
.2
2
2
4
4
5
5
8
9
10
.2
2
2
3
3
3
6
5
5
9
.5
3
2
3
4
4
5
5
8
7
.1
2
2
2
2
3
3
3
3
4
.2
1
2
2
2
2
2
3
3
3
.2
2
2
3
4
5
5
7
8
8
.2
2
2
3
4
4
32
7
8
8
.2
2
3
4
5
6
7
9
9
9
.2
2
3
4
4
5
7
7
8
10
.3
5
6
7
8
10
20
19
20
21
.2
1
2
2
2
2
2
3
4
4
.2
2
2
3
4
5
5
6
6
7
.2
1
1
2
3
3
5
5
8
9
.3
3
4
9
12
27
26
35
32
30
.3
2
2
2
3
4
4
5
8
9
.2
2
2
4
4
5
8
10
11
15
.5
4
8
10
13
24
11
16
18
17
.3
2
3
3
4
6
8
8
11
11
.3
3
3
4
5
8
9
9
11
16
.7
17
5
5
6
8
8
11
15
29
.3
5
8
11
31
35
93
70
114
63
.2
2
3
4
5
9
8
10
12
14
.3
2
2
4
4
5
8
10
11
14
.3
2
2
2
3
3
4
6
12
12
.2
2
4
5
6
9
10
15
22
19
.4
4
5
5
8
9
10
12
17
34
.8
2
5
15
10
10
16
24
26
33
.14
4
5
6
10
10
14
16
21
65
.2
2
3
4
5
9
13
14
23
43
.10
10
24
24
12
17
14
15
20
37
.4
4
3
5
9
7
8
9
11
12
.3
2
4
7
9
12
45
52
24
67
.3
4
2
2
2
3
4
5
8
11
.5
3
4
4
5
7
10
11
12
13
.3
4
8
10
13
29
28
25
222
39
.2
2
2
3
3
4
20
9
9
9
.2
2
2
2
4
6
10
14
29
120
.8
6
14
5
6
7
11
12
15
14
.25
3
3
19
9
10
20
23
22
232
.3
3
3
4
4
5
7
10
35
11
.4
2
2
4
5
14
11
12
29
31
.7
6
12
16
20
26
69
75
66
127
.3
2
3
4
4
15
8
8
10
18
.9
3
5
8
6
13
9
15
21
23
.2
4
6
8
20
17
18
14
16
61
.4
4
5
6
10
41
21
26
21
40
.3
2
6
11
21
32
76
42
104
66
.4
3
4
6
9
10
13
18
22
79
.8
3
6
19
19
16
13
15
17
30
.15
9
12
14
18
20
27
228
36
48
.5
2
5
6
12
13
20
36
64
965
.4
2
3
35
17
6
27
8
9
10
.2
2
3
3
4
6
9
13
28
23
.6
6
11
14
18
30
93
184
80
97
.3
3
3
4
7
14
16
25
59
39
.3
2
2
8
13
45
142
47
56
68
.3
3
6
12
10
13
18
23
31
32
.2
2
5
3
4
6
8
9
10
11
.5
6
10
14
19
26
74
46
329
65
.5
6
12
15
22
45
33
41
45
55
.6
7
10
13
16
23
143
41
49
59
.2
3
2
2
3
3
3
3
4
8
.3
4
8
10
16
19
26
32
40
133
.7
9
13
17
25
143
160
58
67
150
.4
3
4
4
9
11
14
14
23
60
.3
7
13
11
13
16
20
27
74
37
.2
4
9
11
14
16
24
29
33
40
.6
10
23
86
51
76
78
51
62
115
.10
18
29
66
86
59
134
82
100
124
.37
15
45
36
60
85
557
225
162
180
.6
4
4
7
10
21
21
24
36
41
.5
10
12
13
18
25
37
39
260
221
.5
5
9
13
18
19
25
28
91
38
.4
5
6
14
18
22
31
35
51
181
.4
2
3
6
14
13
17
22
28
64
.4
6
15
20
125
103
128
68
153
84
.3
2
2
2
2
4
6
8
8
12
.5
5
10
19
18
21
27
34
39
45
.6
13
18
23
39
46
52
68
156
102
.5
11
22
45
50
72
163
116
142
354
.4
12
24
58
77
92
114
143
174
484
.8
36
29
37
207
64
81
103
102
753
.8
14
25
34
198
70
75
321
119
117
.9
12
29
37
49
186
101
867
136
154
.4
7
16
26
37
49
154
127
79
94
.15
36
51
78
107
1263
176
525
274
765
.15
44
46
74
83
99
106
224
132
152
.8
13
26
146
43
55
94
79
90
105
.5
6
10
13
21
227
44
40
58
411
.7
9
10
18
20
36
41
40
81
338
.5
6
15
18
26
32
71
60
98
60
.7
8
7
8
13
15
16
20
24
30
.6
13
21
27
73
85
63
81
187
116
.6
10
13
15
17
21
28
37
46
253
.20
29
32
229
57
77
97
252
155
186
.3
2
2
3
7
7
10
13
19
66
.
