45
9
2
3
20
4
4
4
4
4
.2
2
3
3
3
3
4
4
4
4
.2
2
3
2
3
5
4
4
4
4
.2
3
3
3
3
3
5
4
4
5
.2
2
2
3
3
3
3
4
5
4
.2
2
2
3
3
3
3
4
4
4
.2
2
2
2
3
3
3
4
4
4
.2
2
2
2
3
3
3
3
4
5
.2
2
2
2
5
3
3
4
4
4
.2
2
2
2
3
3
3
4
4
4
.2
2
2
2
3
3
3
13
4
4
.2
2
2
2
3
3
3
3
4
4
.2
2
2
2
3
3
3
4
4
13
.2
2
2
2
3
3
3
4
4
4
.2
2
2
2
3
3
3
4
4
4
.2
11
2
3
3
3
3
4
4
4
.2
2
2
2
3
3
3
3
4
4
.2
2
2
2
3
3
3
3
4
4
.2
2
2
2
3
5
4
3
4
5
.2
2
2
3
3
3
4
4
4
5
.2
2
2
2
3
5
4
5
4
4
.3
2
2
2
5
3
3
4
4
4
.2
2
2
2
3
3
3
3
4
4
.2
2
2
2
2
2
3
3
3
4
.4
4
4
5
11
7
7
9
12
12
.2
2
2
3
3
4
4
5
7
6
.3
3
3
5
5
5
6
7
8
10
.3
3
5
6
8
10
12
15
14
17
.2
2
2
3
4
4
6
17
7
8
.2
2
2
2
3
3
4
4
5
6
.2
2
2
3
3
3
3
4
4
4
.2
3
2
3
3
38
4
5
6
7
.3
2
3
4
4
5
5
6
8
8
.2
2
3
4
4
18
5
7
7
9
.3
10
3
3
3
3
4
5
5
6
.3
2
3
18
3
3
17
5
6
7
.3
2
3
3
4
3
4
5
6
7
.2
2
23
4
5
6
6
19
21
11
.2
2
3
2
3
3
3
4
4
4
.2
2
3
3
4
4
5
6
6
8
.2
3
3
4
4
5
6
7
8
13
.2
2
3
3
4
5
6
7
14
9
.2
3
3
5
5
6
7
8
9
13
.2
3
4
5
5
6
20
10
14
21
.6
3
4
5
5
8
6
8
9
11
.4
5
5
7
8
9
12
35
15
17
.2
3
3
3
5
4
4
5
18
6
.2
3
3
4
5
6
7
8
12
12
.3
3
4
6
7
8
10
14
15
17
.2
3
3
3
4
5
5
5
6
7
.3
2
3
3
3
4
5
5
5
5
.4
5
5
6
6
7
22
13
13
14
.2
2
2
3
4
5
5
6
7
20
.2
2
3
3
5
5
6
7
8
11
.2
2
2
3
3
3
3
4
5
5
.2
2
3
4
4
5
6
7
22
13
.2
2
3
4
4
5
5
6
6
7
.2
3
3
4
4
5
5
6
6
7
.2
2
2
3
4
5
6
7
19
8
.3
3
3
5
5
7
8
9
13
37
.2
3
2
3
3
3
4
4
4
5
.2
3
2
3
3
3
4
4
4
5
.3
3
3
4
5
5
7
8
8
13
.6
7
7
7
8
12
8
7
8
9
.2
2
3
3
4
4
5
7
8
8
.2
3
3
4
4
5
5
6
7
8
.3
3
4
5
6
7
8
14
14
14
.2
3
3
4
5
6
6
7
8
11
.3
4
5
7
8
10
9
12
13
15
.3
3
4
4
5
5
6
7
8
11
.3
3
4
4
5
6
8
9
12
14
.3
3
4
4
5
7
7
7
8
25
.7
5
5
7
8
22
18
15
23
33
.28
3
3
4
4
6
9
11
24
20
.8
7
12
10
9
12
16
37
16
20
.3
24
10
9
13
17
20
25
26
30
.3
3
3
4
6
7
9
11
14
15
.4
4
4
6
28
11
36
8
10
11
.8
7
9
23
35
16
19
50
24
59
.2
4
7
8
17
15
29
21
25
31
.2
2
4
5
7
7
9
10
15
17
.2
4
4
5
6
7
24
16
15
16
.3
2
3
4
4
5
5
7
9
14
.2
4
14
6
7
8
12
15
16
25
.38
3
3
3
4
4
6
7
9
11
.3
4
5
6
10
9
14
38
19
23
.2
3
4
5
7
8
10
13
16
41
.3
4
5
7
8
8
24
13
35
16
.3
2
2
3
3
3
4
4
5
6
.5
7
27
24
23
23
27
31
76
115
.7
13
7
10
17
17
23
56
32
101
.3
2
3
3
3
5
5
8
12
14
.3
4
4
5
6
7
8
10
12
33
.3
3
5
9
21
60
23
24
110
43
.3
3
4
4
6
8
16
15
17
20
.3
3
3
4
5
6
7
21
12
14
.2
3
4
5
6
8
33
17
67
21
.6
14
10
8
9
13
15
16
19
49
.3
3
3
4
6
7
9
15
15
18
.2
2
3
3
5
5
6
8
12
12
.3
3
3
4
5
16
6
7
8
12
.2
3
3
4
6
7
12
23
20
50
.10
11
9
13
16
17
20
33
28
32
.4
6
7
23
15
19
70
33
92
101
.2
3
3
20
3
5
6
7
9
13
.3
3
4
4
5
5
7
19
8
9
.3
4
5
7
9
13
16
17
45
22
.4
18
3
3
3
4
6
6
6
7
.3
4
5
6
6
18
8
13
13
14
.2
2
3
3
3
5
6
7
8
13
.4
6
19
20
21
16
17
61
48
26
.3
3
4
6
8
9
12
19
15
19
.2
2
2
2
3
5
5
7
8
13
.2
2
3
3
4
5
6
8
9
34
.3
3
5
5
7
12
25
22
21
73
.4
6
7
9
31
15
51
19
22
50
.2
2
3
4
5
6
11
10
12
13
.3
3
4
4
6
8
7
9
15
20
.5
3
3
3
5
6
8
8
16
15
.2
3
16
4
3
4
5
5
7
11
.3
3
4
5
7
10
16
17
23
24
.3
4
4
6
6
9
11
18
30
28
.4
4
4
5
6
9
11
32
14
17
.3
4
5
5
8
8
9
14
14
16
.4
6
7
9
12
16
42
22
25
28
.3
3
11
6
7
9
21
29
69
40
.3
3
4
4
5
7
9
15
18
75
.2
3
3
3
6
7
9
14
16
38
.6
3
3
6
9
19
39
19
93
30
.4
4
6
9
13
14
16
21
22
24
.3
4
5
5
7
8
12
16
24
16
.3
4
4
5
7
7
8
12
13
15
.3
4
4
6
17
8
13
13
16
17
.2
3
3
4
5
7
8
12
15
20
.3
4
5
5
5
8
8
9
13
14
.2
3
4
5
6
7
12
23
41
19
.3
3
5
14
8
10
14
16
39
21
.3
3
4
4
5
6
6
8
13
13
.5
5
6
8
10
14
23
30
32
28
.3
3
2
4
4
5
6
6
7
8
.2
4
5
7
8
10
15
35
17
46
.3
3
4
5
6
10
9
13
15
19
.3
4
3
4
19
4
6
8
11
15
.3
3
4
5
7
10
30
21
18
44
.4
4
4
6
6
8
10
13
14
16
.4
5
5
8
10
15
17
21
23
29
.2
3
4
5
8
8
10
12
17
18
.4
13
7
8
21
21
84
53
72
33
.5
23
5
5
6
7
13
13
15
18
.4
5
6
8
9
12
14
20
26
36
.6
5
8
10
15
20
24
64
34
41
.3
4
5
6
7
8
12
13
15
17
.4
5
6
8
8
12
17
17
14
13
.6
8
24
15
19
22
29
89
120
43
.3
2
2
4
4
5
6
7
7
10
.3
4
4
5
7
9
32
17
19
40
.5
6
8
10
15
17
29
87
35
51
.4
5
7
8
9
11
14
17
19
22
.2
3
3
2
3
4
5
6
8
10
.4
3
3
22
9
7
9
8
9
13
.14
5
7
8
10
15
15
44
48
24
.2
5
6
8
10
13
18
22
87
37
.4
5
6
9
12
16
17
20
23
27
.3
4
4
4
5
6
9
8
11
13
.3
3
3
4
4
6
5
5
6
6
.3
3
4
5
6
7
13
16
37
20
.3
3
3
4
19
14
25
17
21
25
.3
5
6
8
9
13
52
19
24
27
.6
7
9
14
17
60
108
30
30
34
.3
4
7
9
13
18
21
25
29
35
.4
7
9
15
23
27
48
38
39
253
.8
6
7
10
16
17
20
25
29
50
.6
8
12
24
33
50
84
211
70
72
.4
3
6
6
11
18
16
42
32
33
.3
8
17
66
66
60
207
442
134
217
.4
3
4
77
6
20
23
23
20
29
.3
2
3
5
6
8
12
16
20
23
.3
4
5
7
10
13
16
34
35
25
.3
3
5
7
13
17
52
29
83
47
.2
4
5
6
8
10
15
18
25
32
.3
2
3
4
5
7
11
14
20
27
.16
10
17
17
19
25
30
33
37
91
.3
3
5
7
7
9
12
18
39
32
.4
5
6
8
15
19
23
28
73
42
.7
7
9
19
21
23
27
36
37
42
.8
20
30
42
100
53
79
93
139
1168
.4
3
5
19
9
12
16
21
25
29
.3
4
6
9
14
15
17
59
42
137
.8
6
10
10
14
15
42
22
87
59
.4
6
7
8
15
45
37
32
33
32
.4
3
6
9
13
38
28
65
39
76
.3
2
2
4
4
6
6
7
8
9
.3
2
3
3
14
5
6
8
9
12
.2
3
7
17
14
25
71
163
46
183
.5
4
7
22
13
38
21
33
87
92
.5
3
3
7
12
18
25
36
195
85
.5
4
3
7
4
4
5
5
6
6
.4
5
6
9
37
16
20
21
24
102
.4
5
7
10
14
41
19
21
23
27
.2
3
3
5
10
10
21
39
29
63
.4
6
8
8
12
17
19
22
28
32
.3
4
16
6
11
12
19
28
26
17
.3
3
4
5
6
8
16
14
36
17
.4
8
15
29
40
33
45
96
112
243
.9
5
5
7
10
14
39
28
26
29
.3
4
6
7
8
9
14
17
21
24
.3
3
5
5
7
10
18
20
37
98
.4
2
2
4
6
8
23
11
19
16
.3
5
7
8
10
15
17
21
25
71
.3
3
3
18
11
29
32
37
257
202
.3
7
14
20
44
143
72
311
91
195
.4
4
6
8
12
38
19
30
50
48
.7
6
9
14
23
34
36
45
58
134
.3
4
5
8
14
42
26
81
39
44
.4
4
5
9
16
19
26
30
82
113
.3
5
7
8
9
13
17
20
26
33
.3
3
4
4
5
7
7
10
13
15
.6
11
31
65
106
126
76
170
106
475
.11
15
11
16
37
54
30
36
53
54
.6
5
11
73
86
33
44
77
211
269
.4
5
5
7
23
14
37
20
28
37
.5
3
5
7
20
9
14
16
17
75
.3
4
7
35
42
52
80
69
80
52
.7
11
51
34
84
43
114
186
375
151
.12
4
5
7
9
15
22
32
36
53
.6
4
6
8
16
24
30
38
305
129
.4
3
6
8
13
17
21
27
72
36
.2
4
5
7
8
11
14
17
19
22
.3
3
3
4
4
5
5
6
7
10
.6
8
12
24
54
68
43
41
55
66
.3
2
3
3
3
3
5
7
23
16
.3
7
22
20
23
27
36
46
78
111
.3
4
5
7
10
14
18
56
32
38
.2
2
3
4
4
6
9
11
34
16
.3
3
4
5
5
6
6
8
10
12
.2
5
7
23
24
52
65
65
189
107
.10
26
13
38
43
19
24
28
103
43
.8
7
10
15
17
77
60
68
107
252
.8
3
2
3
3
11
7
8
17
15
.8
20
21
36
137
168
69
117
392
116
.4
5
4
16
7
8
9
12
14
14
.3
3
5
6
9
10
18
46
31
28
.7
10
16
20
25
29
53
51
236
130
.4
5
7
8
8
26
47
32
104
49
.5
8
11
12
19
18
42
23
59
32
.3
3
16
6
7
9
34
20
24
70
.5
10
6
6
6
9
16
29
69
49
.6
5
7
10
12
23
18
20
51
25
.3
7
20
43
62
72
141
122
291
179
.9
8
16
21
30
202
112
72
120
97
.6
7
10
35
17
22
25
31
34
38
.3
6
3
4
7
12
38
20
23
39
.9
6
6
7
11
11
14
25
53
32
.8
8
12
18
22
34
46
83
319
62
.7
3
3
4
6
7
8
9
16
19
.7
8
11
23
25
30
29
36
49
108
.8
3
3
7
12
33
27
49
30
53
.7
8
9
16
17
20
59
27
30
36
.3
3
6
10
17
30
28
35
116
146
.4
8
9
13
23
23
27
39
84
64
.4
5
5
5
6
7
8
8
12
13
.3
3
3
4
5
5
30
16
21
26
.7
7
8
15
19
25
30
31
70
51
.14
24
30
32
44
68
63
97
203
325
.5
6
9
16
24
21
25
31
36
37
.3
4
3
4
5
5
7
8
12
14
.5
8
13
18
31
51
37
46
48
61
.23
10
11
17
19
23
29
31
74
87
.9
5
5
5
6
7
10
14
13
16
.4
5
6
6
8
9
17
24
79
95
.5
6
7
9
15
17
21
34
34
28
.3
3
4
7
9
14
14
18
21
29
.11
12
34
37
83
63
137
422
180
99
.3
5
7
9
15
17
20
24
63
63
.4
4
6
8
13
16
48
24
27
75
.6
6
9
12
15
19
22
57
104
45
.4
5
9
16
19
23
28
35
39
161
.4
7
14
15
23
35
38
32
48
57
.3
4
8
15
23
54
39
50
138
92
.3
4
7
9
14
18
22
26
32
60
.5
10
10
10
15
17
22
56
32
74
.5
6
8
10
18
18
24
30
41
44
.2
3
4
6
8
10
20
18
48
25
.3
4
9
16
30
34
125
126
246
170
.7
7
10
18
20
69
76
81
130
158
.5
5
7
7
8
10
16
16
21
64
.3
3
5
9
17
25
105
65
68
276
.4
4
6
26
20
18
49
21
56
87
.3
4
4
6
9
17
20
65
72
105
.5
6
10
16
45
31
63
35
40
130
.4
6
8
10
18
19
23
38
53
43
.3
25
4
3
6
8
22
12
15
17
.4
4
4
7
7
9
12
14
16
19
.3
2
3
4
4
6
7
8
13
17
.4
2
4
11
10
24
19
62
47
23
.4
3
4
21
11
17
54
71
53
36
.5
8
22
13
17
24
27
35
84
46
.6
7
7
11
20
16
19
23
30
31
.3
4
6
7
10
14
15
17
27
87
.7
4
14
12
13
17
21
93
29
33
.5
7
8
29
37
21
49
40
60
101
.4
4
5
6
7
9
11
14
21
28
.7
6
7
10
17
20
25
35
78
137
.4
4
5
7
9
12
16
38
18
22
.3
4
6
10
13
20
34
45
38
38
.3
4
6
7
8
14
31
15
43
48
.8
3
3
5
8
13
17
21
22
27
.3
6
7
10
17
23
30
47
51
45
.6
8
17
32
29
32
82
59
67
163
.6
9
11
16
19
22
32
50
80
95
.4
3
3
4
6
8
11
18
20
23
.4
5
7
9
16
18
22
59
30
34
.3
4
5
7
10
14
14
19
23
27
.2
2
2
4
5
6
36
11
14
15
.36
3
5
5
7
8
16
25
21
35
.8
4
5
6
7
9
10
15
17
23
.3
2
5
7
23
17
20
24
29
38
.12
9
9
10
16
41
20
27
26
30
.3
6
9
11
20
28
67
30
33
44
.8
6
5
5
10
13
14
17
23
28
.3
3
5
6
8
13
16
21
25
32
.6
3
3
3
6
6
9
10
8
12
.3
4
5
6
8
11
15
17
20
24
.3
3
6
5
5
8
9
33
16
18
.4
6
11
17
26
35
67
198
46
59
.6
7
7
13
12
16
19
23
33
32
.5
5
8
9
14
17
58
23
81
27
.3
2
2
3
7
5
5
6
7
13
.3
2
2
2
4
7
9
12
18
22
.3
7
5
17
7
8
14
13
15
16
.3
5
6
8
13
23
33
40
39
39
.5
3
7
8
12
17
17
19
24
27
.4
7
9
9
10
8
9
9
12
12
.4
4
6
7
9
11
16
16
17
19
.3
2
4
5
6
7
8
14
14
18
.3
5
6
10
12
13
20
25
37
35
.6
3
4
6
9
13
17
19
22
54
.2
3
34
4
7
6
7
10
16
17
.5
6
9
7
10
20
17
21
54
30
.4
4
5
6
7
8
13
13
14
37
.5
5
6
8
10
16
29
34
49
184
.8
5
9
10
12
18
27
25
38
94
.5
4
8
12
10
15
18
23
25
31
.2
3
3
4
5
6
8
13
13
16
.3
3
5
5
6
9
14
17
47
32
.7
3
4
5
5
6
9
14
15
18
.4
5
7
10
18
21
24
144
68
84
.3
3
4
4
5
7
7
8
9
32
.3
3
8
16
23
34
107
140
81
322
.6
7
9
10
15
15
32
22
26
36
.5
8
12
10
18
21
24
34
36
49
.5
5
10
21
23
29
33
44
43
108
.3
4
5
7
17
22
38
62
30
38
.4
14
6
6
8
15
21
19
20
23
.3
5
7
12
15
18
34
27
30
35
.5
49
5
6
10
17
19
26
29
33
.2
3
6
7
11
20
22
24
65
34
.8
11
26
39
62
59
88
176
201
200
.9
5
6
6
9
14
17
21
54
28
.3
4
7
9
14
43
24
28
78
44
.4
9
16
24
56
124
84
83
234
201
.7
10
16
18
22
32
43
44
51
61
.7
9
11
16
54
24
46
42
164
73
.6
5
7
9
16
20
25
30
35
67
.3
2
3
4
6
8
15
57
25
25
.5
11
15
21
27
35
86
103
142
71
.4
3
12
33
29
38
56
82
89
253
.4
6
6
9
41
21
54
63
262
72
.6
6
6
8
10
12
16
32
44
213
.8
18
25
58
70
163
371
283
263
178
.6
7
9
6
8
9
13
17
22
27
.4
8
27
31
39
51
76
85
213
146
.12
20
41
53
70
93
838
704
273
375
.10
16
50
30
63
444
73
83
206
134
.15
31
87
140
304
130
301
170
639
262
.4
3
4
5
6
11
15
19
23
29
.7
28
30
50
26
38
42
85
75
218
.6
9
16
22
27
45
51
47
55
70
.10
16
7
7
10
17
22
28
34
42
.5
4
4
6
9
15
17
23
24
30
.4
4
6
7
8
13
20
25
39
51
.7
10
42
62
33
44
108
138
619
193
.2
5
6
8
9
12
16
24
47
35
.5
5
6
13
31
36
109
73
84
423
.18
39
23
30
31
37
99
55
69
74
.9
12
13
32
42
36
43
115
64
79
.9
17
39
26
28
81
133
205
70
107
.10
20
82
65
95
96
237
214
165
304
.11
23
37
60
85
107
267
273
723
223
.7
11
20
25
28
59
57
70
71
81
.20
31
48
68
87
109
140
179
408
237
.10
19
29
95
61
144
208
128
130
324
.8
9
18
21
29
38
42
60
236
68
.19
21
20
34
43
130
137
145
193
127
.7
13
35
46
48
107
106
553
241
641
.6
3
10
12
19
24
87
56
208
104
.9
32
38
109
139
74
120
170
674
134
.7
13
5
5
6
8
12
16
20
23
.10
19
36
65
53
388
177
121
544
279
.4
3
4
5
10
15
20
53
29
33
.3
4
6
7
15
30
28
25
30
280
.4
9
25
29
38
52
127
78
341
120
.10
37
36
47
48
333
89
358
119
197
.4
4
4
5
7
7
9
14
16
18
.8
26
75
47
72
96
388
250
366
1379
.19
38
106
81
259
221
410
246
1433
322
.13
17
28
50
68
229
80
96
329
123
.6
5
5
5
6
7
10
15
15
16
.9
12
30
38
47
62
71
90
105
276
.12
18
18
25
45
41
36
134
41
50
.6
12
16
21
552
39
84
58
64
61
.9
11
22
26
32
30
38
159
42
58
.9
7
10
17
31
40
44
72
65
87
.5
8
16
19
27
62
60
51
58
94
.14
18
30
33
43
61
68
98
104
128
.4
4
4
7
10
18
18
24
26
27
.10
15
26
1391
47
64
81
215
126
409
.8
3
27
5
8
8
13
21
27
82
.11
8
10
17
23
40
51
66
79
389
.8
16
38
78
44
54
323
100
116
155
.7
7
9
27
17
20
28
47
38
39
.3
3
2
5
5
8
12
16
18
51
.27
38
26
67
66
321
208
417
754
177
.4
3
4
7
23
23
30
38
148
181
.19
18
48
23
28
34
44
55
72
79
.6
3
6
19
22
23
27
35
66
82
.8
25
30
31
39
43
47
305
78
165
.12
37
23
99
38
115
131
228
94
125
.7
7
11
16
19
23
28
30
34
50
.7
3
4
6
7
8
9
14
14
17
.4
5
9
8
17
36
31
40
161
69
.5
7
10
12
18
27
39
103
123
87
.10
9
9
10
15
28
35
23
25
27
.5
6
6
7
8
14
16
22
25
36
.44
83
120
245
140
520
153
211
223
634
.7
4
5
5
17
9
16
17
26
87
.15
12
21
31
37
59
131
66
90
91
.16
38
47
43
52
126
176
415
128
867
.6
3
4
7
10
46
29
38
109
85
.5
3
4
5
7
8
16
46
28
35
.10
18
26
40
72
147
94
139
183
822
.7
3
8
26
16
48
39
45
107
255
.9
11
31
29
41
95
141
74
257
325
.23
30
98
51
132
91
112
124
3256
238
.5
3
3
17
11
28
38
43
227
166
.3
2
6
11
18
34
87
40
51
75
.4
4
4
7
7
9
12
14
18
21
.4
3
11
29
90
57
282
104
185
281
.11
52
99
87
75
84
107
141
165
303
.7
5
10
18
22
48
48
55
63
176
.5
5
9
22
70
49
57
191
215
257
.8
3
6
10
18
27
39
45
64
274
.12
20
39
63
158
118
253
188
714
484
.5
2
6
6
7
9
14
15
18
20
.9
19
28
48
56
62
253
300
129
230
.10
18
29
43
74
157
266
318
197
439
.12
17
29
83
54
74
73
98
121
131
.8
9
26
11
17
19
26
34
43
105
.5
6
7
11
16
17
29
77
31
35
.2
4
4
7
8
11
11
18
18
20
.8
23
42
40
58
70
119
360
161
169
.4
22
20
20
34
36
73
135
124
70
.12
45
34
47
78
114
108
415
303
188
.9
15
29
22
28
59
151
83
125
94
.10
24
4691
38
39
69
103
71
363
192
.10
7
16
18
46
28
32
56
63
60
.5
3
15
7
21
13
22
50
68
57
.7
14
20
27
33
36
51
320
165
83
.6
6
20
23
50
34
47
63
131
76
.7
7
9
11
19
20
63
39
75
89
.3
4
4
6
7
9
8
12
13
18
.6
11
18
40
45
45
58
128
255
175
.16
40
45
60
92
157
143
847
455
298
.22
20
35
35
40
65
131
85
226
268
.12
13
11
14
32
27
27
37
65
139
.9
4
91
10
17
50
35
66
36
44
.3
7
10
9
23
25
31
38
51
103
.6
3
4
6
7
9
10
12
13
16
.4
7
11
17
36
36
47
50
57
66
.11
24
26
34
111
82
153
203
155
204
.6
3
5
10
23
28
35
43
96
195
.7
6
10
11
18
45
26
27
71
45
.7
9
12
18
60
73
80
148
247
72
.22
141
88
108
903
439
285
838
422
501
.11
4
15
14
18
20
24
33
32
42
.10
8
21
21
28
42
43
48
53
76
.5
13
16
29
24
30
40
45
64
77
.3
8
15
40
52
56
55
81
181
112
.7
8
13
32
37
40
49
74
77
92
.6
7
8
10
15
17
23
29
29
31
.5
6
9
12
18
26
28
116
44
46
.17
32
78
86
112
120
151
419
221
979
.6
4
2
3
8
9
21
54
31
68
.11
12
30
36
142
55
71
81
266
116
.6
9
14
23
48
38
44
51
78
79
.4
7
12
15
21
26
29
42
41
55
.4
5
6
8
8
8
16
25
39
51
.4
4
18
14
18
25
31
32
360
41
.4
6
6
6
7
8
12
15
17
23
.10
11
16
21
28
35
42
62
70
88
.9
12
21
59
32
85
81
73
78
83
.5
7
44
36
42
59
68
178
357
123
.4
6
22
53
56
322
312
440
176
200
.6
4
6
9
15
16
23
31
38
34
.7
9
11
18
20
27
53
120
64
173
.5
3
4
9
14
17
29
31
36
95
.14
14
41
84
32
45
155
65
67
76
.4
4
5
7
8
12
16
42
26
26
.3
4
12
9
38
48
32
32
78
129
.3
9
45
44
46
111
119
167
122
133
.7
8
9
13
18
63
37
90
60
70
.6
7
6
5
11
20
14
17
27
26
.6
8
10
16
21
39
43
226
214
234
.6
6
8
13
16
27
52
61
66
79
.23
34
28
39
60
197
180
113
205
149
.4
6
18
27
68
41
173
87
191
247
.8
7
12
17
13
65
18
23
27
62
.3
11
28
45
186
72
162
541
733
793
.11
12
20
38
32
40
50
49
66
65
.20
33
39
75
244
63
96
189
107
763
.18
23
32
275
128
120
188
156
162
643
.4
3
9
10
23
49
98
53
102
75
.6
6
9
9
15
18
73
42
42
246
.3
3
5
8
10
16
17
22
25
31
.7
14
22
33
57
56
143
126
142
105
.28
51
88
118
73
238
442
630
332
287
.4
3
6
10
17
25
32
52
45
49
.3
7
17
43
42
46
61
67
268
91
.22
32
52
93
114
296
425
466
1330
344
.17
48
40
44
288
104
396
596
1162
224
.9
11
40
25
34
37
58
55
185
283
.3
3
5
6
9
10
15
17
50
24
.6
16
58
38
44
136
66
166
105
133
.8
17
28
35
102
80
261
109
98
270
.7
7
7
8
13
42
15
18
23
26
.3
3
7
12
46
33
36
153
110
131
.7
12
29
40
91
50
114
247
78
183
.8
9
13
28
24
26
38
61
97
43
.6
10
20
36
60
80
309
184
147
181
.11
18
25
46
53
82
342
393
299
403
.10
19
50
240
231
115
282
170
876
509
.5
8
12
44
25
32
51
61
73
117
.10
3
4
12
6
15
17
15
20
27
.5
8
13
40
22
27
44
45
549
87
.8
11
25
34
28
73
45
61
65
151
.10
40
55
114
137
406
383
433
185
284
.15
12
13
10
13
20
22
23
29
53
.7
7
7
11
16
21
33
35
55
58
.3
8
19
25
39
128
117
105
167
210
.4
3
5
6
7
10
14
16
20
131
.7
11
22
20
69
24
28
31
35
61
.7
5
4
7
8
17
17
25
25
57
.14
29
271
121
96
272
188
263
305
593
.13
19
26
34
64
86
158
129
146
173
.4
8
8
18
14
20
31
36
49
47
.8
11
32
38
98
42
56
121
771
91
.4
7
12
36
100
47
107
67
87
451
.13
25
46
65
184
609
566
433
553
651
.7
7
10
16
20
27
41
37
49
137
.11
21
39
49
222
101
385
142
173
377
.6
5
6
7
9
10
24
17
21
27
.8
11
14
12
16
18
23
27
32
37
.3
13
18
20
41
38
117
93
83
144
.4
17
19
24
70
68
268
155
97
113
.10
16
37
39
39
86
117
88
103
126
.5
5
10
17
26
49
47
133
88
90
.7
6
13
15
19
27
47
113
62
130
.11
10
6
8
16
24
56
36
54
66
.3
3
7
11
15
23
44
38
40
81
.3
3
4
9
16
23
37
49
70
178
.8
8
8
8
11
14
18
46
25
26
.4
5
9
9
34
16
18
24
27
31
.4
7
9
17
28
90
33
52
54
77
.4
4
6
17
21
28
87
62
70
93
.5
4
4
5
8
10
13
38
19
24
.8
15
151
37
40
170
200
119
90
115
.7
5
8
15
20
100
108
46
69
87
.11
22
67
163
188
107
674
753
917
252
.4
10
28
44
44
99
96
147
852
290
.5
4
6
7
14
23
36
39
49
119
.11
22
26
58
33
126
48
66
79
230
.11
12
20
39
110
105
138
259
87
219
.13
3
23
23
28
30
86
394
52
74
.10
9
22
24
70
46
116
86
400
279
.8
6
21
24
23
74
56
248
375
100
.8
8
7
9
12
16
19
21
22
26
.4
9
26
28
44
45
162
52
75
127
.6
3
3
5
6
7
11
14
16
26
.10
14
16
59
27
33
43
128
219
87
.5
5
5
10
13
39
33
108
81
38
.7
6
11
15
55
55
31
50
106
134
.8
20
12
20
56
34
41
88
110
166
.4
4
4
7
9
9
35
16
42
112
.10
9
19
31
144
63
73
208
180
108
.9
11
14
22
38
48
41
53
96
73
.11
20
26
53
121
148
93
171
119
408
.16
61
43
62
142
248
136
523
811
182
.9
45
40
105
86
156
241
388
621
173
.6
5
6
8
12
17
21
26
35
41
.5
4
4
24
54
48
56
68
159
133
.9
6
9
8
12
18
18
19
21
25
.12
101
60
83
192
175
438
570
1102
439
.8
10
22
30
45
64
208
97
117
136
.4
4
6
5
6
7
10
15
14
17
.2
4
3
5
5
5
6
7
10
12
.3
7
11
15
23
31
114
56
67
89
.8
7
13
20
45
34
37
42
65
73
.5
4
5
8
11
14
17
34
35
45
.15
22
24
27
36
42
56
251
90
248
.9
8
10
15
20
45
40
48
63
70
.8
10
17
28
38
58
179
53
120
57
.4
4
7
15
30
35
52
54
50
56
.10
27
58
708
71
81
173
376
138
286
.5
16
8
10
15
21
30
35
80
174
.7
24
16
20
25
31
90
55
76
140
.12
43
99
93
89
142
599
208
1501
7331
.16
6
8
13
16
27
41
81
38
42
.6
9
12
28
34
36
104
143
168
210
.16
35
93
203
139
192
2350
624
587
1854
.9
12
50
46
44
64
91
156
527
300
.7
18
25
36
28
37
52
66
207
130
.6
9
19
56
30
47
76
296
101
423
.4
7
8
22
40
25
27
33
25
30
.5
11
18
92
41
140
146
77
176
93
.10
17
30
118
48
67
81
87
116
130
.6
9
11
20
31
59
48
57
62
185
.25
40
39
107
79
95
153
138
175
784
.4
3
6
8
13
21
31
42
43
44
.3
6
9
10
15
18
22
27
34
51
.4
7
22
29
35
56
65
84
105
285
.11
17
25
30
89
56
68
76
103
543
.12
13
20
25
32
39
49
149
74
77
.9
11
18
20
29
33
50
108
124
141
.4
5
6
7
10
10
13
14
16
19
.3
2
3
3
3
8
14
20
26
38
.6
2
3
6
22
20
20
27
74
76
.9
10
19
21
33
97
54
125
85
90
.6
8
9
15
17
22
28
34
128
135
.19
51
150
247
388
216
275
363
413
488
.7
3
3
8
17
14
16
20
30
35
.8
14
21
23
24
33
37
42
54
70
.20
34
37
47
65
89
125
420
355
641
.15
30
29
97
70
180
112
275
200
257
.11
7
6
15
21
22
71
44
163
70
.13
14
44
34
40
109
66
197
204
129
.6
7
12
17
21
26
31
92
60
212
.7
9
19
43
125
63
75
91
468
145
.6
7
13
14
17
22
55
33
60
149
.7
2
3
3
3
4
6
7
11
19
.6
6
9
14
26
41
69
89
113
141
.6
3
4
5
6
7
13
17
23
28
.4
5
6
7
14
13
14
17
29
41
.8
6
8
11
61
31
31
37
101
67
.6
6
10
12
13
43
23
91
45
59
.3
3
3
4
8
11
40
25
30
78
.3
4
6
16
12
24
74
35
81
63
.26
23
44
126
82
95
186
209
166
737
.8
29
30
85
195
87
221
127
143
187
.8
8
27
30
50
191
106
167
202
116
.15
7
7
9
14
16
22
26
68
35
.3
4
7
9
14
43
27
44
162
159
.20
49
38
30
41
196
119
72
240
93
.6
4
5
6
7
10
23
76
43
50
.23
28
41
223
104
117
564
182
517
402
.7
3
3
5
6
7
8
9
16
15
.7
11
20
33
49
68
96
90
128
468
.4
3
3
4
6
9
17
22
31
66
.10
14
26
55
38
25
30
72
38
46
.4
6
9
15
23
23
27
117
79
63
.38
5
5
9
11
18
50
27
92
38
.3
3
5
5
8
12
17
24
65
40
.8
9
15
19
25
35
43
149
150
293
.5
14
199
93
70
245
193
405
514
385
.6
4
9
18
29
110
52
58
85
90
.6
3
3
10
22
27
70
41
50
64
.4
5
13
19
32
63
45
49
61
97
.7
3
3
3
12
13
28
30
120
65
.6
4
6
15
19
19
23
30
86
56
.12
25
30
85
117
77
270
207
124
553
.8
14
37
63
115
158
120
190
124
462
.3
7
11
18
22
61
76
41
62
74
.3
2
5
8
25
14
18
23
32
149
.13
13
22
29
144
141
76
73
274
309
.4
4
3
4
5
7
9
13
16
65
.3
2
3
4
6
7
10
13
14
40
.24
26
113
132
74
92
204
195
162
173
.8
10
10
15
24
663
66
44
48
118
.8
10
16
26
90
103
72
78
345
196
.4
15
26
32
74
194
282
214
197
447
.3
7
11
17
46
25
53
51
114
77
.10
22
20
34
88
58
122
90
227
316
.13
8
11
17
19
29
32
40
118
362
.11
10
20
59
114
61
209
359
198
170
.5
5
7
7
9
48
33
15
41
18
.3
12
8
17
16
26
35
47
135
184
.6
8
16
44
24
28
77
51
210
55
.8
8
17
22
28
78
125
141
275
78
.16
32
52
224
157
275
653
857
428
341
.6
4
5
7
9
9
16
14
17
710
.4
3
4
5
6
7
9
12
13
16
.3
4
5
10
17
23
34
48
131
62
.4
5
7
23
22
17
27
31
30
34
.3
4
6
18
39
58
50
55
166
93
.5
9
19
22
71
52
64
80
94
115
.4
3
8
5
12
18
24
22
25
73
.4
12
27
55
86
137
387
172
293
288
.8
32
32
33
43
83
73
100
111
415
.5
7
11
23
35
40
51
72
254
315
.8
7
9
18
24
38
154
65
69
90
.3
5
5
10
12
20
24
32
36
85
.23
21
22
31
35
39
57
53
61
72
.7
10
18
21
71
37
154
61
60
72
.3
4
7
10
19
34
36
56
61
202
.9
17
24
56
58
80
85
215
136
162
.21
30
22
29
42
48
135
209
103
134
.17
10
18
22
31
57
80
70
113
108
.4
3
5
6
6
8
8
14
16
18
.9
10
18
28
40
46
49
58
92
86
.5
6
8
9
14
16
73
69
43
45
.5
6
9
15
17
33
35
40
53
52
.3
3
4
5
6
7
9
10
21
36
.14
22
26
42
51
56
172
147
210
120
.6
3
4
10
24
33
60
178
132
208
.3
6
11
17
35
68
91
169
98
72
.5
3
8
38
18
31
33
50
66
74
.5
7
9
28
22
28
55
64
67
136
.6
7
11
17
21
31
61
69
53
121
.10
564
31
50
267
451
292
162
806
317
.16
22
35
38
154
64
62
336
85
225
.6
6
17
24
52
54
70
183
106
115
.4
4
6
9
13
42
50
26
30
35
.8
21
25
48
56
117
281
343
296
504
.4
4
6
6
7
9
15
15
18
21
.5
6
9
11
18
25
65
25
36
32
.5
4
8
19
25
31
35
105
60
64
.6
6
8
10
15
20
24
34
63
54
.12
19
35
39
121
64
312
105
113
333
.7
14
19
65
46
151
74
172
182
387
.4
2
5
7
10
17
19
26
30
35
.3
4
5
7
9
16
26
39
40
39
.4
7
17
64
79
50
64
68
152
370
.4
4
3
4
25
11
17
25
36
35
.4
7
3
3
4
7
6
10
14
14
.3
5
9
16
29
32
40
154
79
85
.7
17
18
29
40
59
69
108
110
267
.11
13
46
66
53
68
165
93
105
297
.9
4
9
16
28
32
44
71
146
193
.8
10
18
25
40
129
74
101
136
341
.3
7
9
8
59
17
22
35
40
54
.4
5
7
18
26
54
69
153
122
659
.7
4
9
9
11
19
27
52
103
135
.9
12
19
25
31
56
51
85
72
84
.5
4
13
20
35
49
61
65
166
593
.11
11
19
25
30
95
99
217
107
182
.7
9
17
23
45
65
166
108
299
163
.20
32
49
78
165
212
254
157
185
209
.23
34
36
41
46
67
85
107
121
322
.10
19
35
102
132
93
142
349
421
252
.4
3
7
16
19
27
30
41
51
52
.3
2
2
3
3
5
5
9
38
23
.8
11
41
29
34
178
254
286
87
85
.7
11
32
180
80
133
752
302
229
2891
.16
32
55
78
249
330
172
213
3002
641
.25
28
101
256
115
145
168
306
448
510
.19
47
84
80
156
139
161
732
546
259
.10
26
51
51
83
109
121
491
188
229
.13
32
87
49
104
109
262
169
798
3936
.32
26
49
141
81
430
155
181
1048
343
.8
25
15
22
40
52
143
88
78
252
.7
3
10
51
25
43
54
55
77
89
.16
30
63
77
120
151
429
257
1443
566
.16
31
68
45
85
57
135
83
103
263
.5
3
11
21
30
43
70
270
265
111
.22
21
37
76
65
75
68
201
183
884
.7
11
24
44
66
347
116
272
348
418
.7
6
8
13
40
19
23
25
77
48
.10
4
5
25
34
311
224
265
170
341
.5
11
48
55
74
185
272
156
277
241
.16
24
84
57
125
191
115
380
310
3798
.6
9
9
19
28
36
42
66
154
149
.20
40
37
94
55
66
101
127
281
252
.22
71
64
214
188
195
945
3799
381
485
.12
9
8
32
26
33
40
57
56
88
.25
56
90
141
114
578
195
1114
460
1890
.16
27
49
61
104
116
626
388
936
286
.9
9
19
24
30
42
55
76
227
88
.39
40
33
35
40
57
66
235
197
830
.19
34
46
88
119
142
182
208
252
307
.4
9
47
42
153
90
154
647
3254
790
.15
28
54
76
341
237
251
167
766
249
.5
8
11
14
16
20
29
30
41
45
.10
16
30
100
67
173
227
302
163
285
.4
19
90
62
94
272
178
523
254
300
.11
15
14
16
40
36
66
83
70
82
.8
12
24
70
69
164
97
228
144
172
.4
2
7
20
25
54
37
37
52
63
.13
26
91
58
100
1424
125
135
313
607
.15
68
49
63
59
341
365
467
283
1082
.7
9
14
21
72
53
53
83
557
150
.4
22
27
49
152
229
137
265
482
526
.4
2
4
6
9
11
22
25
32
41
.6
7
8
9
11
19
25
30
56
60
.10
17
29
109
289
196
261
283
192
421
.26
39
121
337
912
169
204
215
279
335
.6
4
8
13
21
63
45
59
240
276
.7
11
73
43
39
88
144
101
113
209
.6
5
7
9
18
32
33
31
31
176
.23
32
41
99
369
75
99
210
264
197
.5
9
11
24
30
36
40
51
115
76
.17
46
162
131
333
459
264
917
853
473
.30
31
33
68
65
90
104
369
170
1021
.15
29
32
42
62
75
69
87
105
193
.10
25
51
64
104
111
176
194
710
288
.12
36
45
69
97
114
145
414
187
543
.8
35
49
74
71
76
239
138
277
405
.8
29
29
57
279
117
160
813
421
265
.24
80
221
101
287
764
828
1218
441
2090
.16
34
39
58
77
95
138
304
304
214
.8
11
40
44
47
150
91
105
271
305
.7
19
39
74
286
693
164
194
871
1590
.5
3
5
7
19
35
39
43
103
66
.4
2
6
8
16
20
29
91
63
114
.6
9
15
19
33
60
195
127
147
168
.12
42
55
65
94
184
314
201
534
272
.6
10
11
30
24
39
53
74
73
102
.6
11
33
174
63
100
122
279
193
178
.8
17
17
47
37
26
33
58
45
54
.10
14
28
30
47
63
69
91
122
138
.25
26
42
54
128
111
139
159
270
287
.5
19
33
53
102
110
131
365
427
370
.10
8
12
22
20
23
30
37
69
70
.20
27
17
22
32
35
41
43
44
52
.5
14
23
33
57
64
84
494
350
326
.7
17
77
64
83
204
355
475
571
1180
.7
11
19
37
37
53
71
96
264
133
.5
16
32
104
36
41
40
65
75
151
.7
19
76
19
20
26
34
49
60
83
.5
6
8
13
17
24
39
45
60
124
.8
21
35
38
48
93
75
98
529
158
.14
23
41
49
63
78
103
132
159
183
.13
41
189
120
308
205
1048
298
867
8256
.9
20
36
21
29
44
58
68
80
253
.7
9
9
13
16
21
37
41
36
40
.7
6
8
14
17
26
33
52
62
80
.7
8
15
19
33
62
161
69
75
183
.6
17
83
72
114
262
998
310
355
810
.6
10
15
22
28
87
59
71
180
105
.4
3
5
8
8
10
20
27
34
27
.13
17
26
77
52
147
70
98
233
275
.8
12
19
38
58
48
143
74
90
116
.5
5
6
7
8
16
24
30
44
119
.4
22
31
46
28
80
60
106
96
131
.5
7
10
12
16
20
25
33
59
62
.5
12
36
51
347
106
312
171
406
280
.14
11
23
43
58
78
95
246
133
388
.10
8
11
18
28
45
30
34
87
51
.19
26
26
36
54
64
171
117
458
174
.9
7
5
3
8
10
16
22
34
44
.15
26
24
22
74
61
70
475
200
360
.6
25
26
30
45
260
291
112
390
231
.34
167
120
214
188
238
619
3279
631
1754
.43
38
69
87
117
2613
633
791
279
856
.12
10
15
19
23
27
32
49
57
164
.3
6
7
11
16
21
38
87
61
573
.16
69
119
91
295
174
420
1461
1186
579
.21
29
50
71
103
155
195
235
325
418
.15
30
31
49
57
73
100
109
187
335
.5
4
6
21
39
69
83
118
150
193
.14
15
20
25
41
47
54
69
68
84
.4
2
6
21
10
18
29
31
39
45
.4
6
10
15
24
35
42
55
74
77
.8
5
10
18
24
46
49
73
208
882
.9
5
7
16
27
122
38
66
89
82
.11
20
22
33
35
102
70
70
88
96
.4
7
11
19
40
43
60
79
84
96
.8
12
29
42
65
76
106
354
819
221
.8
5
9
14
14
24
52
28
43
30
.3
16
35
23
37
63
68
212
269
149
.6
9
18
30
46
98
133
83
317
135
.12
21
31
53
67
98
248
154
402
438
.5
5
8
16
21
34
37
49
103
81
.7
27
42
71
315
308
273
465
641
305
.7
4
9
44
24
27
30
38
44
54
.16
22
23
31
48
55
166
91
461
146
.15
33
340
120
209
153
200
1076
1202
1131
.13
26
52
155
112
187
176
210
261
304
.15
55
53
84
102
305
146
188
1244
340
.21
41
61
67
95
239
3094
420
214
272
.5
27
205
72
91
724
188
1893
244
498
.6
4
10
21
40
56
91
109
250
205
.22
24
34
51
65
80
185
145
314
385
.10
26
44
155
161
264
93
113
151
718
.6
16
47
71
72
153
355
222
192
343
.5
3
5
8
9
15
19
39
40
46
.8
11
30
54
159
301
145
263
494
246
.10
29
35
47
67
356
106
279
172
210
.5
26
51
60
85
115
166
520
616
331
.35
35
25
32
39
57
175
171
435
125
.10
16
29
36
342
91
83
146
122
348
.8
9
41
24
106
65
60
73
377
242
.8
7
12
21
28
35
43
52
148
129
.5
11
19
27
38
114
64
344
320
124
.11
26
33
67
119
145
684
3876
517
542
.11
25
31
42
55
58
77
153
247
135
.9
19
43
80
126
208
410
310
778
844
.7
9
9
6
11
19
24
31
37
67
.5
5
5
12
16
22
56
55
69
155
.9
26
29
36
41
122
164
348
388
138
.21
81
41
116
79
209
426
391
215
230
.7
4
5
7
9
10
16
28
46
54
.12
29
48
70
97
121
375
741
220
512
.5
3
18
53
44
55
73
151
130
407
.6
5
5
7
12
30
41
49
246
85
.12
22
35
94
104
155
96
116
281
195
.8
2599
25
27
58
62
75
164
88
126
.7
28
43
42
67
156
104
261
273
163
.10
13
17
21
36
45
54
113
99
116
.9
14
19
51
37
51
63
69
143
132
.15
50
36
156
142
84
111
356
706
181
.37
136
83
296
366
211
251
1609
481
1729
.7
9
17
18
20
25
39
134
57
75
.27
53
72
101
312
268
876
834
431
1235
.16
5
25
24
56
46
55
81
100
333
.24
88
263
132
428
929
1016
366
528
1235
.10
21
52
62
89
102
141
616
1762
445
.5
7
26
19
62
53
46
90
218
109
.7
9
16
32
41
56
269
155
168
181
.3
3
51
17
16
10
34
16
36
34
.6
17
23
29
45
119
73
93
117
406
.7
3
5
12
21
30
75
75
89
192
.18
12
20
26
30
29
28
58
105
40
.20
27
32
48
166
347
130
310
407
5182
.11
7
7
6
10
12
38
42
22
43
.9
31
31
39
82
48
50
188
157
162
.4
52
53
38
70
75
376
285
373
734
.5
9
20
38
51
62
86
125
152
481
.12
3
3
11
35
56
149
115
150
440
.6
13
22
42
60
148
453
227
155
186
.13
22
45
65
232
253
225
166
283
220
.12
76
60
84
210
314
861
253
1042
1567
.13
92
53
58
82
114
135
342
416
486
.8
10
20
18
31
64
89
299
413
136
.5
15
22
32
43
152
98
126
166
318
.38
37
52
86
491
299
411
910
750
782
.5
6
7
10
16
23
29
47
34
37
.5
11
15
56
40
63
67
74
121
117
.15
27
56
63
460
261
3443
195
443
297
.8
3
15
13
40
22
56
37
51
100
.55
59
90
154
831
288
344
968
2061
1494
.13
49
53
76
100
142
177
206
247
2531
.8
24
22
94
39
56
321
45
54
268
.7
10
11
17
25
36
34
39
43
65
.5
7
11
22
30
41
68
73
77
103
.8
3
4
4
5
10
15
20
33
46
.14
21
30
61
59
89
183
123
171
365
.16
49
58
67
92
480
558
1073
454
263
.6
13
35
44
130
91
239
277
202
457
.5
5
7
10
13
16
23
28
29
33
.4
10
39
44
79
290
200
580
289
394
.4
10
23
25
30
84
54
123
73
77
.10
14
21
28
31
170
61
123
66
83
.7
5
9
22
30
39
58
81
166
128
.6
11
30
51
177
131
107
130
150
722
.9
26
37
42
119
166
106
110
371
155
.27
42
36
53
68
389
202
172
445
499
.12
4
10
15
17
32
53
99
103
145
.6
13
60
41
69
85
119
155
179
220
.8
12
29
13
25
27
35
43
70
66
.23
135
60
90
110
159
482
217
252
714
.4
11
19
51
67
64
79
92
123
138
.18
52
81
117
179
227
903
341
413
1129
.5
23
80
74
112
150
228
564
498
2491
.5
5
5
5
6
10
20
26
42
49
.22
44
26
60
58
140
85
216
474
146
.12
33
35
49
140
75
116
113
119
156
.8
9
36
33
136
92
224
602
558
262
.5
5
12
21
59
42
356
114
86
205
.3
6
12
10
12
38
24
30
47
128
.25
62
91
59
133
88
687
136
141
279
.7
18
42
107
375
276
370
213
1285
644
.7
13
32
47
51
67
148
95
611
170
.6
30
39
47
69
103
126
168
298
239
.13
35
35
55
65
109
261
191
254
637
.11
10
24
42
45
158
92
365
160
430
.12
28
36
90
64
77
130
98
273
311
.7
7
7
25
39
60
77
106
157
452
.10
28
59
82
264
155
286
452
1790
992
.25
26
29
86
143
265
200
482
148
176
.11
22
47
104
167
126
269
167
197
427
.5
11
17
25
52
118
73
100
125
143
.5
6
8
10
15
27
55
40
116
62
.14
29
36
57
72
103
540
457
326
400
.7
19
23
35
56
58
95
104
227
657
.4
7
11
17
52
34
47
63
65
97
.15
41
62
162
196
154
286
461
608
305
.3
10
25
79
113
116
198
412
779
321
.5
13
29
46
47
77
106
251
164
390
.27
41
74
89
197
2651
474
267
339
416
.4
3
11
18
28
39
36
205
125
249
.7
11
24
129
128
98
482
316
290
262
.
[01;32mOK: Passed 1000 test(s).
[00m===> Testing prop_equiv:prop_parse_and_emptiness()
9
8
3
6
4
4
5
4
4
5
.2
2
2
3
2
3
3
24
4
4
.2
2
2
2
3
3
3
3
4
4
.2
2
2
3
2
3
5
4
4
4
.2
2
3
2
3
3
3
3
4
4
.2
4
2
2
3
5
3
3
6
4
.2
3
3
4
3
4
4
4
4
5
.2
2
2
3
3
3
3
4
5
4
.2
2
2
2
3
3
3
3
4
4
.2
2
2
2
3
3
4
3
4
4
.2
2
2
2
2
3
3
3
3
4
.2
2
2
2
3
3
3
3
4
4
.2
3
2
3
4
3
9
4
4
4
.2
2
2
2
3
3
3
3
4
4
.2
2
2
2
3
3
3
4
4
4
.2
3
2
2
2
2
3
3
3
3
.2
2
2
2
2
3
3
3
3
3
.2
2
2
2
3
4
4
4
4
4
.2
2
2
2
4
3
3
4
4
4
.2
2
3
3
4
3
3
4
4
4
.2
2
5
3
3
3
5
4
4
6
.3
4
3
4
4
5
6
8
8
7
.4
3
3
3
4
4
4
4
5
5
.2
3
3
4
3
3
5
5
4
4
.2
3
2
3
4
4
5
6
7
9
.2
2
3
3
3
15
3
4
5
6
.2
3
3
4
5
6
7
7
9
12
.4
3
2
3
3
3
3
4
4
4
.2
2
3
17
3
3
3
4
4
4
.2
2
2
3
3
4
6
18
7
8
.2
2
2
3
5
4
4
4
4
5
.2
3
4
5
6
8
9
13
16
18
.3
3
4
5
5
6
6
7
7
8
.2
3
3
3
3
3
4
5
7
8
.6
3
4
4
7
7
9
13
17
17
.3
3
4
5
6
7
8
10
13
14
.2
3
4
6
7
8
13
14
46
17
.3
2
3
4
5
6
7
9
12
12
.3
3
4
4
5
5
6
7
7
8
.3
2
3
4
4
5
5
7
8
13
.3
4
5
6
7
8
8
9
11
23
.9
3
4
4
4
7
8
10
13
8
.3
3
5
6
7
8
13
15
17
20
.2
3
4
5
6
6
7
32
13
14
.3
3
5
5
5
7
7
8
11
13
.2
2
3
3
4
5
6
6
7
8
.2
3
4
6
7
8
10
15
15
17
.2
2
3
4
4
6
6
8
8
13
.2
2
2
3
3
3
3
4
5
5
.3
3
5
6
10
9
14
14
14
15
.3
3
27
5
5
5
7
8
8
11
.4
6
8
22
13
17
44
24
29
34
.4
2
3
5
6
7
8
9
12
13
.2
3
4
5
6
6
7
8
13
12
.2
2
5
3
3
4
4
4
6
6
.2
3
4
5
6
7
8
8
12
13
.2
3
4
6
7
8
12
14
16
16
.2
2
2
2
3
3
3
13
4
4
.2
4
5
7
10
14
16
26
34
23
.3
2
3
3
4
5
6
7
9
14
.2
3
3
4
6
6
7
8
8
12
.3
3
4
5
7
6
7
9
13
34
.3
2
3
3
3
4
5
4
4
5
.2
2
2
2
3
3
4
4
5
5
.2
2
2
3
3
4
5
6
6
7
.2
3
3
4
5
6
14
9
13
13
.2
2
3
3
4
5
6
6
7
9
.2
2
3
4
4
5
6
6
7
8
.3
3
4
4
6
6
8
9
76
25
.3
2
3
6
7
7
10
7
8
12
.3
3
3
4
5
7
8
8
12
13
.2
2
3
17
3
4
61
5
5
6
.6
9
15
50
67
34
48
49
71
191
.5
5
5
17
8
16
9
14
15
25
.5
7
6
9
10
15
36
27
52
24
.2
3
3
3
4
4
5
7
14
21
.3
4
5
6
8
9
13
38
21
25
.3
4
4
14
5
6
8
8
9
37
.8
10
8
21
19
10
14
15
26
21
.9
3
4
6
6
7
8
13
13
16
.3
19
8
18
18
18
16
20
68
27
.3
3
6
7
11
15
19
45
28
33
.3
2
3
3
4
6
7
9
13
14
.3
3
3
4
4
5
5
6
7
9
.2
2
3
4
4
5
6
6
7
8
.3
3
2
3
3
4
4
4
5
6
.3
3
4
5
7
7
9
15
19
66
.5
5
6
11
14
36
21
25
77
34
.6
7
11
25
21
55
40
47
67
61
.5
8
4
11
7
9
12
18
19
17
.7
3
27
3
3
4
4
5
6
7
.3
3
4
5
6
17
8
9
12
14
.2
6
9
17
28
39
102
44
113
240
.4
3
3
4
4
5
7
7
14
15
.4
6
18
10
14
16
25
31
35
95
.2
3
14
7
8
28
15
17
22
24
.2
3
4
5
6
8
17
20
34
55
.4
4
5
6
10
29
21
16
18
22
.3
4
5
7
8
10
32
16
18
25
.5
3
6
10
8
9
13
15
19
17
.4
6
8
10
23
51
42
22
25
79
.4
4
6
10
8
33
16
54
20
22
.3
2
2
4
4
5
6
16
8
9
.4
4
4
7
8
20
12
17
19
19
.2
3
4
13
6
6
7
7
8
10
.2
2
3
4
15
6
8
8
8
10
.3
5
8
15
65
23
390
44
69
105
.4
4
15
7
20
8
13
16
19
49
.4
3
3
4
4
6
8
13
13
15
.3
4
4
5
6
7
9
15
20
24
.7
5
6
9
12
11
15
20
20
22
.3
2
2
3
3
4
5
7
8
9
.2
3
5
6
8
13
15
23
22
24
.3
2
3
3
4
5
6
7
9
15
.3
4
13
9
16
9
270
15
17
18
.4
6
8
33
17
21
27
30
40
61
.7
6
5
5
6
8
23
12
15
18
.3
3
17
3
4
6
7
15
11
13
.3
3
2
4
4
5
6
8
13
15
.3
2
4
5
19
10
20
19
20
25
.5
3
3
3
5
5
14
9
19
37
.8
6
3
5
5
4
5
6
37
10
.9
4
8
7
8
7
8
12
13
15
.3
2
4
4
7
52
9
11
23
28
.3
3
3
4
4
5
5
7
13
13
.2
3
4
4
5
16
15
7
12
30
.2
3
4
5
6
18
20
12
13
34
.3
4
5
5
6
8
10
14
17
40
.5
5
4
6
8
14
10
16
15
22
.2
3
4
6
7
7
10
12
13
15
.3
3
15
6
5
15
8
9
13
14
.3
4
3
5
7
8
13
14
17
20
.3
4
3
4
6
7
7
9
27
12
.3
4
5
7
11
14
54
33
51
26
.3
6
9
37
21
26
97
41
158
120
.4
5
5
6
6
9
10
15
16
18
.2
2
3
4
5
6
7
9
13
12
.4
4
5
7
8
9
34
37
19
25
.4
12
9
8
25
11
13
13
15
18
.3
2
3
5
4
4
5
18
7
10
.4
5
7
10
35
17
19
52
52
27
.3
3
4
4
5
6
21
11
19
19
.3
3
3
5
7
7
10
16
17
49
.2
3
3
4
5
6
7
21
13
14
.3
4
6
7
8
10
14
15
18
18
.3
3
3
3
4
6
8
10
16
25
.8
6
5
7
13
15
15
17
20
21
.2
3
3
3
3
5
5
6
7
13
.4
3
5
5
7
9
9
12
15
17
.2
3
3
5
5
6
8
13
18
27
.3
4
5
5
7
20
13
15
19
22
.2
3
5
5
7
9
15
17
20
22
.5
7
9
29
17
42
69
28
31
34
.2
3
3
3
3
3
4
4
5
6
.2
2
3
4
6
6
8
9
14
15
.3
2
3
4
4
6
5
7
6
8
.3
3
630
11
16
61
26
27
33
38
.2
3
5
5
19
20
12
15
17
20
.4
4
6
17
8
12
14
15
26
28
.4
3
4
5
7
23
15
17
21
24
.4
4
7
7
7
9
12
13
59
17
.2
3
3
5
7
9
11
15
16
42
.5
6
6
9
32
19
20
32
42
29
.4
3
4
5
5
4
5
7
497
12
.2
2
4
5
7
9
16
17
18
23
.3
2
3
4
5
7
9
14
16
18
.6
13
9
43
31
69
40
33
32
117
.2
3
3
3
3
4
5
6
7
8
.2
6
10
17
30
48
50
43
52
57
.3
3
31
4
7
8
9
14
16
25
.7
5
7
4
6
12
10
10
14
13
.3
3
3
5
7
8
12
16
17
21
.3
4
5
4
6
7
8
12
14
16
.5
7
8
13
35
50
40
34
95
55
.10
11
15
28
70
26
24
77
59
212
.6
5
6
6
7
9
13
15
16
18
.5
9
20
25
68
150
46
198
67
109
.3
5
14
20
32
26
31
84
86
232
.4
3
3
3
4
5
7
9
12
13
.2
3
6
8
26
19
22
28
38
113
.4
3
5
6
7
9
33
15
19
20
.8
11
18
35
65
45
153
261
61
229
.11
10
16
24
33
34
123
45
53
241
.5
5
7
12
17
22
29
34
41
49
.5
5
7
10
19
21
26
37
45
54
.3
3
3
3
4
4
4
5
5
7
.3
5
9
17
22
27
33
48
59
60
.4
6
17
13
11
37
21
68
25
30
.10
7
15
11
18
19
32
27
31
37
.3
4
5
10
11
14
10
15
17
18
.3
5
7
8
11
14
19
20
24
29
.6
9
15
18
58
96
50
56
65
134
.4
4
7
8
13
14
19
73
24
36
.3
3
4
5
7
8
10
16
18
20
.4
5
8
9
15
16
24
60
31
34
.2
4
12
5
8
9
13
41
31
36
.3
3
5
17
10
14
17
18
24
26
.3
3
4
7
10
15
18
51
30
54
.6
6
8
8
14
19
23
27
35
98
.6
3
26
6
12
18
24
19
23
28
.2
2
3
3
3
3
4
7
30
14
.4
4
5
7
10
14
17
20
25
136
.7
6
10
7
9
8
11
14
15
16
.3
3
5
5
6
6
8
8
11
14
.4
5
8
16
18
22
26
31
50
144
.8
6
10
10
15
19
24
27
31
35
.5
7
10
17
26
48
77
67
107
40
.4
4
7
13
20
28
32
38
62
64
.3
7
13
19
26
34
51
55
133
170
.4
4
4
14
6
7
10
16
18
23
.4
5
6
8
10
15
19
26
37
38
.9
5
7
8
10
13
19
36
19
22
.3
3
5
5
6
6
7
11
13
15
.2
3
3
7
11
18
23
76
33
80
.3
2
3
5
7
9
13
17
26
46
.4
3
5
5
6
6
8
13
14
17
.4
2
4
5
6
9
12
19
20
24
.7
10
16
27
56
92
153
57
187
289
.5
3
4
4
5
9
8
14
19
43
.7
6
6
7
13
19
19
25
30
34
.2
4
4
6
8
10
15
16
22
54
.6
7
13
19
21
25
41
127
64
66
.4
5
4
5
6
7
9
21
19
112
.6
4
7
4
6
6
7
9
14
14
.3
2
2
5
7
11
15
20
24
28
.4
9
15
17
23
58
32
34
91
144
.4
5
9
14
39
48
26
64
35
121
.7
4
3
6
10
16
20
26
64
71
.5
5
6
8
27
169
27
22
24
27
.4
6
9
24
22
25
114
47
44
138
.5
6
4
6
9
9
14
41
18
25
.4
5
6
7
9
15
22
31
57
103
.3
3
6
9
17
24
25
29
36
49
.5
5
6
8
14
17
26
29
38
55
.6
7
10
18
23
44
135
43
42
62
.6
3
3
4
6
7
10
12
19
16
.5
5
7
8
14
15
16
17
21
30
.11
6
5
7
12
18
43
42
55
41
.12
4
8
8
14
19
38
40
24
59
.6
9
30
24
36
55
124
232
168
294
.3
3
3
6
7
10
15
20
30
42
.3
3
4
7
7
8
13
16
29
22
.20
11
19
35
51
108
141
283
262
127
.7
3
5
7
8
8
13
14
16
46
.5
4
5
11
20
22
30
39
40
57
.3
3
5
7
22
14
18
43
34
82
.3
3
4
6
10
10
17
24
27
25
.6
8
12
18
24
46
90
50
171
183
.5
4
8
14
15
27
19
20
22
59
.4
3
3
5
8
10
42
19
22
25
.3
2
2
4
4
5
6
7
8
13
.6
14
13
49
29
25
21
25
31
35
.3
4
5
5
6
7
8
11
12
12
.5
5
7
15
19
38
49
45
85
65
.7
3
5
6
14
17
19
29
33
33
.3
3
4
6
8
13
20
25
33
35
.6
4
5
7
19
17
19
44
107
65
.3
3
4
4
5
8
8
10
12
32
.2
3
3
6
7
10
16
23
23
29
.3
5
10
15
21
28
30
41
50
100
.5
6
7
9
41
15
17
47
77
28
.5
8
10
22
20
42
33
33
48
47
.4
5
7
9
10
14
17
18
33
34
.8
4
9
9
12
26
15
43
21
23
.3
5
8
9
34
44
23
38
67
57
.4
4
6
9
9
12
14
16
19
25
.5
7
30
18
27
39
45
39
110
315
.15
4
10
9
13
17
47
25
30
101
.2
2
2
6
11
25
27
31
94
97
.4
4
6
8
8
12
16
18
30
27
.10
4
4
5
8
13
14
18
21
53
.4
3
4
6
6
7
23
12
15
17
.2
3
4
4
5
6
6
9
11
14
.5
5
7
10
21
23
86
60
31
38
.7
9
17
20
24
41
53
54
104
161
.9
6
10
7
6
9
15
15
18
21
.3
4
4
6
8
10
14
15
56
21
.4
6
7
10
15
15
19
19
34
42
.9
11
19
72
36
84
253
92
356
147
.4
3
6
13
18
18
20
63
39
124
.6
5
7
7
9
11
14
17
48
23
.2
2
4
7
9
15
18
21
48
41
.3
4
5
6
9
13
16
19
28
28
.2
4
5
9
14
18
21
38
43
50
.7
4
14
19
26
38
30
29
39
44
.8
9
6
5
11
12
12
14
15
19
.5
4
5
5
9
15
18
25
38
42
.3
2
3
3
4
5
5
6
8
8
.4
6
8
11
17
19
23
34
42
45
.3
3
5
5
6
10
12
15
19
20
.3
8
9
16
18
24
38
51
116
67
.10
11
11
14
21
26
65
34
49
73
.9
13
26
41
57
149
109
636
358
909
.4
4
5
11
7
8
9
11
12
13
.3
6
6
10
24
15
18
21
25
62
.4
7
16
44
39
51
56
77
89
518
.3
3
4
5
6
9
9
14
15
17
.3
5
7
14
23
28
41
49
50
74
.7
5
7
9
25
32
28
39
42
62
.9
9
12
17
23
29
116
134
71
261
.4
3
3
4
5
6
7
9
12
34
.10
9
9
12
23
18
21
28
81
111
.3
3
2
3
6
7
9
12
31
32
.7
4
5
7
9
9
14
24
17
19
.3
3
3
8
15
19
28
111
76
138
.5
2
3
4
7
8
14
15
19
22
.3
2
3
6
9
14
17
32
86
47
.4
5
6
8
14
15
19
24
29
36
.9
16
20
26
66
207
118
242
65
152
.5
5
8
14
24
75
33
40
38
91
.11
18
8
9
10
17
19
20
22
25
.3
3
3
4
6
9
14
24
36
43
.4
5
9
9
14
18
23
28
58
55
.4
6
5
6
7
22
11
14
19
19
.2
3
4
5
6
10
15
19
26
28
.5
6
8
9
14
33
29
25
30
82
.7
11
19
58
77
46
221
75
83
147
.4
4
4
7
6
8
12
14
17
21
.2
4
4
6
7
11
19
76
51
178
.4
4
5
18
24
18
23
26
31
73
.8
22
26
22
14
19
25
29
29
30
.11
21
25
38
57
144
147
332
157
250
.4
4
30
7
10
13
14
16
18
21
.4
3
4
15
7
14
15
25
39
37
.3
5
4
6
8
13
13
16
19
22
.2
7
11
18
295
39
98
59
53
118
.3
5
7
13
21
37
30
30
35
43
.3
24
7
9
14
20
28
106
33
37
.3
5
6
7
9
15
17
50
25
30
.2
5
8
10
36
45
21
25
29
34
.3
2
4
3
4
5
16
7
13
13
.2
2
3
4
5
5
6
6
8
8
.3
3
17
4
7
9
13
15
18
45
.5
6
3
7
18
12
11
14
17
19
.3
3
3
6
9
39
45
58
47
52
.4
7
11
15
26
27
52
28
32
37
.5
7
24
15
19
35
87
42
105
154
.10
28
43
27
49
50
64
95
86
107
.5
3
112
23
15
10
13
15
17
20
.5
7
15
15
22
58
90
33
87
132
.3
3
4
7
11
39
20
24
29
32
.3
2
3
4
4
6
9
12
16
22
.8
12
13
47
25
30
78
157
48
210
.4
8
30
37
18
22
25
31
80
137
.5
8
12
12
16
17
20
24
26
64
.9
38
39
38
129
80
70
124
220
356
.11
36
30
48
49
38
64
57
76
178
.5
16
12
22
43
57
121
418
177
120
.5
7
7
10
14
18
20
23
32
35
.11
10
17
24
71
47
59
132
71
206
.3
3
5
5
8
24
11
32
15
15
.2
5
16
9
15
28
29
32
29
76
.4
5
6
9
13
41
21
23
96
47
.6
6
9
10
15
21
24
29
102
41
.10
10
12
17
19
31
27
30
102
39
.5
9
15
26
37
50
130
351
286
273
.7
6
5
4
6
7
7
9
13
12
.3
4
6
7
9
15
17
21
23
61
.3
5
8
16
16
45
23
26
30
34
.4
10
14
19
25
51
36
57
60
66
.15
26
67
119
176
119
461
279
387
1300
.4
4
4
3
4
4
4
5
6
7
.2
4
6
8
11
15
18
20
23
28
.8
17
44
45
61
72
102
249
170
296
.5
8
20
41
41
62
165
97
121
190
.27
22
24
30
39
60
73
82
108
122
.3
4
3
4
5
8
15
18
25
30
.10
28
39
61
70
108
361
216
206
165
.9
18
38
43
67
179
216
189
143
173
.6
5
7
9
16
17
20
24
29
32
.3
3
7
8
8
10
15
19
25
33
.3
5
8
13
16
30
31
44
57
51
.8
12
38
41
60
67
226
85
239
399
.4
9
12
9
16
17
21
31
63
33
.2
3
3
3
3
4
8
6
7
10
.2
6
10
40
23
35
51
55
61
328
.7
4
5
5
6
7
11
14
18
21
.3
7
9
14
18
51
27
132
49
52
.6
8
9
16
32
35
38
44
66
77
.8
17
24
13
18
21
22
27
32
83
.5
6
6
8
11
15
16
20
22
24
.3
3
3
8
11
18
23
41
46
55
.4
5
4
5
7
7
8
12
30
13
.3
4
5
8
11
16
26
61
30
81
.4
6
7
10
17
19
23
31
33
49
.14
39
31
85
70
141
97
206
195
224
.5
7
9
22
17
21
26
27
32
43
.20
20
19
27
44
48
68
168
157
352
.4
2
5
5
7
34
34
38
34
35
.5
10
17
23
33
65
115
149
106
133
.9
17
56
61
68
197
240
124
143
167
.6
6
7
9
15
18
21
24
27
67
.6
5
8
9
14
19
52
23
26
34
.6
3
6
10
16
18
30
27
31
60
.27
16
28
40
65
66
192
104
333
168
.8
5
6
11
16
18
23
28
33
66
.10
14
13
15
43
26
28
32
37
41
.7
10
6
27
64
43
36
68
68
134
.7
20
10
7
11
9
13
16
35
26
.3
3
6
10
14
17
23
62
51
52
.10
16
9
9
29
39
26
24
30
40
.4
5
10
28
39
63
72
105
239
145
.5
13
10
15
16
63
29
77
42
48
.5
8
12
25
30
53
57
57
132
78
.10
19
26
44
72
138
81
302
134
219
.8
13
33
63
60
83
90
103
486
290
.4
5
6
6
8
14
18
43
37
33
.3
3
8
21
25
37
60
193
87
100
.3
4
8
8
11
32
18
19
24
24
.3
5
9
15
29
51
28
76
131
59
.4
5
8
9
15
17
68
23
29
41
.26
29
106
64
76
97
221
556
188
427
.10
10
15
22
27
40
96
238
145
627
.16
19
34
25
30
39
50
132
79
91
.13
80
73
118
248
444
283
778
920
1660
.4
5
5
11
12
23
34
30
30
58
.9
3
6
9
11
25
32
41
98
88
.5
8
12
24
29
45
107
71
336
137
.11
26
49
40
56
60
48
41
177
66
.9
9
9
13
39
19
20
26
33
75
.8
13
28
44
148
63
71
196
101
192
.5
5
6
7
9
10
14
40
19
47
.6
21
24
34
40
53
72
78
104
230
.3
3
7
10
16
28
41
35
38
86
.5
4
5
7
9
15
20
40
43
40
.5
7
11
17
28
53
63
55
49
113
.8
7
10
17
19
23
28
75
52
126
.16
111
87
105
377
180
245
284
490
1438
.8
7
6
9
13
14
16
20
23
27
.9
24
33
39
47
67
86
178
105
174
.7
5
24
46
63
274
150
330
247
584
.3
3
3
3
4
6
6
7
9
13
.14
14
30
39
46
49
62
67
169
98
.6
8
12
18
34
34
37
42
101
128
.5
3
10
13
32
28
27
34
38
95
.12
9
16
21
24
32
37
58
69
72
.6
7
7
20
19
51
49
80
42
53
.7
9
7
26
43
45
143
97
123
281
.9
17
24
39
34
66
141
75
87
317
.11
22
46
65
89
130
741
5595
1490
270
.5
3
5
5
5
10
14
27
21
28
.4
3
7
17
25
30
49
275
74
326
.5
6
8
11
15
19
23
30
51
51
.11
18
28
126
450
513
469
163
660
395
.5
10
23
71
172
74
108
214
150
172
.7
9
15
18
48
25
32
33
37
44
.11
13
34
19
24
21
26
28
34
72
.5
5
5
10
15
19
24
44
119
57
.4
4
4
5
6
8
10
13
16
17
.4
9
18
26
35
93
102
49
54
89
.8
15
19
30
100
63
186
289
103
115
.6
5
8
21
37
21
25
61
49
56
.5
5
7
13
17
49
24
28
35
59
.7
13
12
47
16
40
19
21
25
176
.4
7
21
48
122
980
192
450
149
228
.7
3
6
8
14
45
24
147
48
163
.5
4
4
7
9
14
16
20
24
89
.3
9
18
25
35
51
296
231
90
374
.7
6
6
9
10
21
54
91
34
50
.9
15
68
30
93
87
77
194
105
369
.7
11
99
44
37
46
107
257
178
94
.7
8
15
19
52
37
86
55
71
148
.4
3
4
5
7
8
10
14
18
20
.9
9
9
16
20
80
37
39
47
125
.3
4
5
6
19
9
14
23
16
17
.7
33
19
64
80
147
54
73
204
105
.17
29
15
20
26
34
63
577
74
152
.4
5
7
11
20
20
38
39
145
62
.3
3
3
5
16
15
16
16
37
20
.6
4
8
15
17
24
40
49
107
69
.69
14
19
31
39
59
120
179
123
141
.6
14
36
81
43
73
82
90
150
485
.5
6
8
16
25
26
39
42
42
47
.9
28
37
54
232
91
119
651
5089
392
.10
19
27
43
66
130
91
120
223
322
.4
4
8
16
16
21
26
33
89
112
.11
21
28
36
52
139
116
166
142
137
.4
3
5
8
10
17
22
29
100
61
.9
20
14
21
141
36
72
198
292
172
.8
14
20
27
36
47
171
66
193
93
.4
5
5
10
25
33
57
30
93
85
.7
9
13
23
34
34
42
173
74
125
.37
7
11
22
32
85
158
139
285
232
.15
17
30
76
59
157
211
186
158
175
.5
7
14
23
27
35
58
61
82
406
.7
3
6
6
11
16
21
25
31
44
.8
11
48
51
46
95
112
273
146
173
.10
6
6
95
7
12
19
47
27
37
.6
3
4
5
8
13
19
24
28
71
.7
5
90
12
25
34
63
70
198
241
.6
4
6
24
33
77
39
62
127
95
.6
10
4
7
28
60
45
34
25
46
.3
3
3
5
5
7
9
27
59
22
.6
23
25
29
44
135
66
109
307
132
.7
6
9
13
20
22
63
29
35
38
.3
9
30
43
140
200
130
158
806
219
.13
21
64
116
93
50
53
66
74
104
.7
9
11
16
39
54
69
75
81
107
.11
12
16
23
29
27
33
38
125
87
.6
10
33
37
63
81
90
246
368
174
.5
3
4
5
7
8
12
14
15
29
.9
8
6
9
11
23
18
23
31
39
.4
4
4
7
8
16
34
50
55
94
.8
11
10
46
20
24
27
38
55
55
.12
18
26
714
62
70
74
102
101
184
.11
15
17
31
134
41
46
48
54
62
.4
4
5
7
9
10
14
15
19
23
.5
7
8
13
38
33
27
28
34
43
.5
10
19
81
252
59
80
117
138
165
.16
57
66
124
970
229
277
699
417
479
.8
12
8
4
5
7
8
9
30
28
.5
4
7
8
11
16
17
29
22
26
.5
8
10
14
17
37
40
59
60
59
.10
74
39
42
192
124
128
85
101
239
.9
13
34
48
47
67
86
103
110
146
.6
4
9
25
32
49
57
80
99
319
.10
5
7
10
14
15
16
22
27
30
.11
28
60
194
96
110
129
316
442
1789
.9
10
17
25
32
63
63
63
74
87
.14
24
56
51
73
906
116
315
182
673
.4
2
3
6
8
13
16
20
24
33
.5
7
8
13
14
17
22
26
49
45
.4
4
5
7
8
14
18
23
30
43
.3
5
4
6
11
16
32
27
32
35
.7
7
23
64
20
23
63
34
41
72
.11
11
19
24
31
39
104
60
73
183
.5
3
10
11
17
36
82
63
78
96
.3
4
5
6
7
8
9
13
14
16
.2
3
5
6
7
9
13
15
17
83
.25
19
20
27
33
41
54
69
75
138
.7
8
11
18
26
32
31
37
46
109
.4
9
17
56
52
191
287
226
124
160
.9
28
32
46
218
249
104
91
223
468
.12
5
6
6
10
17
21
31
99
44
.11
36
32
34
44
140
186
326
180
104
.8
16
37
44
166
71
82
228
123
255
.14
49
47
119
272
175
428
283
367
426
.11
9
17
25
70
63
53
121
75
118
.20
25
49
126
84
154
679
205
637
237
.9
11
18
28
46
109
127
142
95
126
.7
11
8
28
52
57
76
157
117
215
.10
3
4
5
5
7
7
14
34
45
.10
4
4
7
9
14
17
30
27
33
.3
4
8
15
36
81
53
58
219
234
.4
3
3
7
7
9
17
34
26
25
.8
19
25
33
167
117
68
172
264
367
.19
73
45
58
61
213
295
432
145
354
.17
19
36
63
72
324
113
137
558
182
.8
9
16
19
25
29
33
41
105
55
.7
11
19
29
45
54
62
132
145
106
.9
8
10
15
16
22
25
64
82
44
.10
8
13
6
7
9
38
32
35
37
.8
29
36
50
89
196
182
162
163
1007
.4
5
8
16
17
22
27
29
36
43
.4
6
12
21
23
50
27
25
27
38
.8
8
14
23
97
44
46
63
215
147
.11
26
48
108
69
102
288
149
166
719
.7
7
10
16
35
23
25
53
35
37
.5
10
20
30
32
38
48
146
147
116
.17
22
31
46
135
164
185
404
898
171
.5
13
26
52
53
32
36
71
60
231
.7
10
14
25
36
39
103
67
88
105
.6
5
7
10
15
20
20
22
25
36
.14
34
123
220
232
150
188
219
258
756
.6
3
4
12
11
17
49
26
35
64
.7
3
3
3
3
3
8
13
14
23
.6
22
10
14
16
20
24
63
28
31
.4
6
9
25
33
38
49
146
189
240
.12
45
40
97
83
83
104
194
164
341
.4
4
6
8
9
14
40
19
24
24
.4
4
5
8
35
20
38
41
409
52
.4
7
19
29
28
42
35
134
64
141
.10
18
27
53
68
37
40
53
101
87
.6
5
8
8
10
18
19
25
47
32
.10
30
47
70
154
143
287
329
252
654
.12
19
25
33
46
59
82
84
296
376
.8
13
15
25
30
36
46
49
44
65
.10
17
27
45
45
118
91
91
408
124
.4
5
5
5
12
10
20
28
51
26
.4
7
7
9
15
18
19
22
25
30
.4
7
12
25
34
36
41
97
74
74
.6
10
18
63
46
248
208
286
123
112
.8
11
19
26
40
47
56
60
86
141
.5
5
8
18
37
18
76
33
152
67
.5
8
12
17
21
30
50
61
49
83
.4
6
14
34
42
61
79
375
274
662
.3
3
5
10
16
31
31
41
49
135
.3
2
4
6
8
9
16
17
48
25
.9
22
117
133
201
168
192
120
289
374
.7
8
16
22
30
40
97
69
117
113
.6
4
5
9
18
28
33
48
92
77
.4
3
3
4
7
13
24
48
26
32
.7
12
22
28
46
50
245
255
300
123
.8
12
18
16
18
39
31
35
54
61
.9
20
31
50
64
86
395
142
477
397
.13
29
36
120
71
105
127
147
398
222
.11
20
31
55
173
79
105
258
449
776
.19
21
70
5611
48
86
131
257
381
112
.14
77
65
164
395
435
344
220
242
287
.8
7
8
14
14
25
26
26
31
38
.5
6
13
25
39
38
31
36
42
51
.14
23
78
48
59
66
151
221
172
830
.7
6
4
5
14
15
24
41
51
62
.7
9
10
23
16
19
22
26
27
30
.6
46
10
15
18
75
30
28
45
106
.8
21
21
16
23
50
27
69
44
51
.8
3
4
11
21
25
109
66
221
303
.8
9
14
42
24
27
33
60
38
35
.2
3
9
15
33
40
112
295
175
133
.8
9
10
34
17
31
33
47
88
279
.6
5
5
9
32
43
39
53
116
67
.6
6
9
34
20
40
41
40
60
75
.9
12
20
32
42
116
167
195
277
117
.6
3
6
3
6
10
33
40
21
23
.8
17
31
42
44
62
67
82
209
117
.4
7
25
21
52
44
114
67
218
422
.7
9
18
33
45
40
49
150
68
95
.5
5
7
21
12
16
16
19
89
55
.7
24
17
23
30
163
60
67
240
195
.8
10
13
19
66
33
52
56
216
113
.3
3
3
3
4
5
7
9
11
23
.8
7
10
14
27
37
131
164
434
179
.3
4
7
7
8
10
22
18
25
21
.8
11
19
64
49
100
63
92
88
187
.10
13
28
36
52
41
44
147
116
69
.4
3
6
10
44
28
40
42
133
285
.5
11
9
12
17
24
40
34
36
128
.6
8
10
15
43
23
87
143
54
48
.9
18
33
93
57
80
109
117
189
349
.8
8
12
19
28
188
66
275
97
202
.7
13
20
20
27
25
28
65
91
250
.14
23
35
55
233
94
217
128
161
385
.6
5
39
24
39
66
217
185
204
217
.14
30
75
288
71
152
167
285
596
727
.13
23
47
47
74
642
163
339
190
224
.5
8
9
21
26
25
41
55
42
45
.7
18
29
28
80
78
74
175
173
386
.4
4
10
28
58
35
50
56
174
114
.11
23
145
152
337
218
142
591
232
248
.7
4
5
10
20
25
71
47
61
73
.5
5
6
7
10
16
17
21
25
42
.15
13
19
33
46
123
137
96
230
292
.5
3
3
5
7
10
16
24
42
57
.5
5
6
9
24
28
112
45
431
63
.6
11
12
30
34
107
48
37
68
53
.6
7
9
11
13
20
18
26
32
77
.8
6
11
25
44
47
148
845
297
178
.4
5
8
19
38
50
64
65
212
203
.4
4
5
9
16
32
33
39
37
85
.6
9
11
15
18
24
77
45
94
154
.5
5
7
12
20
34
39
114
156
65
.10
13
26
27
38
203
86
140
283
164
.18
51
41
61
349
202
124
658
212
227
.7
9
21
12
13
17
21
22
27
66
.5
6
10
14
20
22
29
60
53
143
.8
29
33
29
105
125
86
137
77
174
.3
5
6
32
51
30
35
225
254
150
.7
8
23
22
89
46
65
173
248
154
.12
5
14
16
28
22
38
34
67
201
.3
3
3
10
47
60
106
54
66
152
.9
31
49
65
112
139
127
143
175
804
.15
44
45
57
156
198
235
311
168
396
.9
17
18
28
40
64
71
199
98
181
.4
2
11
18
26
38
44
127
70
151
.5
4
6
8
15
30
26
29
46
79
.3
26
4
6
9
10
14
16
43
22
.11
14
17
16
18
20
27
29
65
101
.4
6
7
11
15
23
20
70
83
44
.4
8
17
96
118
93
79
106
418
545
.10
22
86
139
90
397
748
186
259
274
.5
9
17
26
52
77
63
92
118
226
.4
2
5
4
6
8
18
18
24
31
.10
28
93
58
78
120
137
145
201
431
.11
20
30
35
56
68
72
103
251
219
.6
6
5
7
9
14
13
16
19
22
.3
3
4
4
6
8
12
16
17
21
.6
80
19
24
41
52
66
84
102
138
.9
34
30
44
62
71
84
93
174
122
.8
10
18
28
82
120
71
96
99
258
.10
58
47
63
306
403
170
277
289
325
.6
11
14
21
39
50
106
96
164
86
.3
5
11
34
29
83
33
37
45
189
.5
2
3
4
8
12
19
92
30
80
.2
4
3
4
7
12
20
56
119
39
.4
3
9
34
20
65
132
101
83
175
.4
7
7
10
14
17
20
25
35
39
.9
24
44
87
73
172
93
327
284
338
.5
3
4
4
7
11
16
20
30
43
.4
5
5
7
8
10
13
15
44
24
.8
17
23
41
61
266
391
684
142
182
.12
17
23
44
56
112
439
352
404
738
.7
12
32
97
78
37
39
73
66
142
.8
14
14
13
19
23
28
35
37
99
.7
11
43
25
25
26
36
46
168
73
.16
59
29
43
49
130
73
91
169
507
.12
5
7
6
7
9
10
12
12
14
.3
3
4
6
10
26
56
35
37
99
.4
5
7
8
9
35
16
18
27
31
.8
4
5
7
10
13
16
19
22
26
.8
11
18
25
31
47
54
355
113
91
.5
5
9
15
19
22
30
32
40
56
.24
10
16
17
36
27
36
46
56
58
.10
31
32
43
52
163
191
399
121
216
.3
3
6
7
9
12
18
35
28
31
.5
6
11
26
28
35
110
128
159
199
.4
5
7
9
13
14
16
19
49
26
.20
38
109
270
222
146
322
343
382
483
.54
44
35
33
54
58
156
148
132
579
.8
10
17
23
62
71
49
59
63
116
.9
4
11
27
32
59
276
93
225
3881
.6
3
3
3
3
3
4
5
7
7
.4
5
7
10
17
30
23
27
31
33
.11
23
36
52
116
208
238
296
278
344
.5
10
18
36
39
106
54
73
165
98
.7
17
25
51
39
52
93
173
160
79
.5
5
7
14
26
43
34
74
56
67
.16
35
89
64
88
367
152
355
183
484
.10
19
33
60
69
231
97
390
117
124
.3
3
4
6
6
12
22
24
27
34
.9
16
28
64
59
114
149
103
144
248
.11
9
17
16
23
25
33
28
27
32
.9
39
42
56
170
121
275
373
1914
1630
.12
10
23
22
35
75
57
78
67
100
.6
13
14
12
19
18
19
24
40
105
.11
11
18
25
50
58
67
245
356
448
.3
4
4
4
6
6
8
12
14
17
.4
4
6
8
10
17
19
24
27
32
.5
12
12
19
25
33
32
100
54
258
.4
4
7
16
23
45
59
57
142
86
.6
5
6
11
39
27
42
38
48
483
.22
42
65
88
268
307
4075
240
289
430
.9
6
18
37
23
34
57
58
60
211
.4
4
5
25
28
37
175
60
95
105
.6
4
6
9
23
27
39
107
61
61
.3
4
3
5
7
11
24
23
30
29
.4
5
7
8
12
15
24
57
41
47
.13
10
16
19
22
33
51
52
51
67
.13
26
133
67
79
99
130
158
194
216
.14
19
28
49
61
240
124
154
1387
382
.8
7
11
14
23
22
27
33
41
60
.5
4
6
7
16
17
21
23
30
38
.9
22
50
52
88
113
125
164
174
723
.5
4
9
9
16
18
22
25
56
46
.10
24
30
86
65
67
95
99
129
135
.48
43
205
181
214
302
183
191
222
1412
.16
32
47
141
206
141
213
228
278
946
.15
36
43
143
187
221
334
359
922
1061
.11
19
42
58
59
119
76
84
102
118
.8
13
31
62
91
114
125
367
1469
1410
.122
27
25
35
54
88
118
1787
446
311
.7
9
24
35
72
72
116
126
144
165
.6
3
4
4
7
9
12
16
21
24
.11
24
37
47
73
99
109
361
5233
239
.22
40
69
295
141
382
1248
279
1282
631
.8
16
38
60
76
436
170
183
779
225
.5
3
3
6
9
24
32
46
48
58
.24
53
92
161
228
305
3464
473
1238
1413
.10
27
65
39
41
56
75
93
95
944
.35
34
47
58
86
269
131
154
180
184
.36
44
85
120
540
225
310
367
1006
609
.9
3
9
31
36
39
72
60
59
116
.6
20
21
25
32
62
62
64
177
103
.7
11
26
47
58
250
114
337
216
200
.9
19
43
49
70
340
128
290
348
195
.8
4
18
15
26
37
46
59
79
83
.18
113
44
43
110
174
497
140
180
213
.48
43
63
209
150
586
286
1863
463
1019
.10
38
30
35
36
39
53
68
81
97
.6
11
4
21
36
70
87
125
169
196
.23
32
36
42
97
75
100
121
147
231
.9
4
11
12
17
29
68
44
68
63
.6
12
44
43
68
179
253
399
1328
221
.14
22
46
60
84
107
321
339
411
277
.7
24
50
43
56
76
115
126
741
212
.14
31
49
141
96
285
160
327
802
273
.16
27
54
125
107
208
201
465
268
647
.6
3
5
5
9
15
17
32
35
41
.13
24
39
91
61
97
150
164
423
549
.5
12
69
49
143
107
353
179
797
1265
.14
18
58
36
125
216
286
559
460
244
.5
9
20
28
42
119
129
98
107
430
.10
12
18
24
79
74
58
57
138
194
.6
8
10
15
19
24
41
46
56
121
.9
19
46
53
47
112
156
165
206
257
.19
107
102
603
1099
1213
608
419
1115
1349
.7
8
10
16
10
16
17
22
27
30
.12
9
25
22
22
20
29
34
54
68
.11
12
18
31
45
63
87
192
123
134
.7
12
23
25
25
32
78
41
108
57
.5
19
63
28
32
41
61
470
213
99
.4
4
6
7
13
19
35
29
30
58
.13
32
115
97
238
141
310
189
428
306
.8
4
6
16
21
36
70
61
74
229
.11
19
30
45
56
108
219
131
308
197
.8
4
4
4
6
7
9
12
15
17
.13
18
24
28
40
41
46
57
66
81
.7
28
32
46
85
242
252
2903
407
239
.6
20
156
92
238
201
597
351
436
1372
.6
12
25
22
58
34
41
51
65
73
.21
26
44
895
85
141
150
1885
203
222
.13
43
69
88
117
395
187
208
451
979
.9
17
25
41
55
89
72
93
120
282
.9
6
14
26
45
38
53
68
81
103
.14
41
69
134
154
188
255
896
712
1071
.7
3
9
21
39
114
63
82
106
151
.12
25
54
231
157
110
142
1264
442
237
.31
42
58
103
370
203
256
349
680
587
.8
10
15
19
36
50
47
71
84
83
.9
17
34
57
44
58
71
487
94
230
.14
34
40
45
129
77
94
114
156
5234
.9
10
7
7
11
14
24
23
20
25
.8
37
33
102
266
76
103
163
122
244
.4
9
21
39
134
84
106
134
194
435
.22
110
149
218
592
305
256
325
961
2736
.15
29
50
68
98
154
178
243
289
1392
.13
22
35
92
79
208
302
132
153
234
.24
29
39
61
90
118
243
185
207
1395
.5
11
25
44
74
113
172
502
247
308
.6
24
42
73
100
202
593
201
1035
652
.11
34
36
47
68
94
123
155
545
1772
.11
11
19
34
175
59
88
108
609
146
.5
8
35
40
43
57
228
98
119
150
.11
32
22
63
37
115
251
139
88
211
.5
10
19
26
43
63
139
90
110
219
.7
4
9
16
22
32
96
61
145
120
.4
3
4
5
8
39
18
25
34
116
.7
4
4
5
5
8
9
14
18
27
.4
6
9
10
13
17
18
20
24
27
.3
9
20
20
24
30
81
99
63
80
.7
3
8
15
22
33
57
142
111
145
.5
11
19
28
36
65
69
97
109
276
.6
36
59
116
74
355
203
344
672
413
.10
29
41
120
69
490
121
664
520
216
.5
3
6
9
15
20
29
55
116
73
.18
32
56
278
86
172
146
184
460
239
.20
20
74
52
85
161
432
235
203
502
.5
9
38
43
47
167
86
97
3450
284
.5
5
7
14
22
32
29
32
37
47
.5
4
5
15
41
68
86
128
527
759
.7
9
18
37
112
111
204
273
164
192
.6
15
36
59
173
124
141
950
207
242
.6
5
16
55
46
69
188
217
417
355
.9
30
19
184
44
58
113
149
180
247
.6
11
35
91
153
113
623
402
663
976
.5
8
28
20
29
73
51
203
177
121
.14
25
49
74
155
286
174
417
685
297
.9
7
9
18
30
74
50
208
98
110
.7
9
17
27
51
44
63
67
110
224
.5
3
15
36
62
83
157
148
170
446
.21
21
30
56
136
125
119
580
459
596
.5
4
5
7
11
16
22
27
31
40
.14
33
47
139
82
140
155
194
946
537
.6
5
8
12
16
23
57
26
35
38
.11
43
51
54
79
96
218
265
365
172
.4
3
3
4
7
7
9
232
39
35
.7
4
6
8
8
14
13
14
16
20
.3
11
50
55
71
85
111
546
192
556
.11
8
7
8
12
13
15
16
18
21
.16
32
129
178
178
126
419
195
424
423
.7
3
3
3
7
17
38
49
182
161
.12
18
27
51
108
68
96
155
132
711
.10
18
28
31
43
53
65
212
96
119
.15
20
31
97
89
247
205
243
190
244
.7
13
20
31
57
93
112
274
167
423
.8
13
37
28
28
35
47
66
82
187
.30
41
82
209
158
434
261
878
4612
520
.4
25
23
37
73
188
4485
154
284
302
.25
16
24
28
35
46
118
76
96
247
.5
11
20
36
57
230
104
438
165
304
.15
28
72
83
337
142
183
463
287
355
.8
16
35
45
105
203
181
186
273
280
.8
5
10
23
28
123
44
145
84
175
.3
7
26
17
21
30
33
38
45
287
.4
13
31
112
81
232
185
197
240
292
.37
111
60
229
163
456
283
1249
450
1136
.7
15
21
33
190
63
68
85
110
334
.20
45
32
46
62
245
95
138
153
168
.4
4
49
34
39
42
65
72
94
120
.14
41
81
98
136
170
223
1534
299
754
.6
6
8
27
2799
25
26
43
41
50
.41
84
157
577
366
726
2388
3169
1047
2164
.11
8
14
9
15
12
45
139
37
66
.8
7
11
121
29
37
42
59
93
96
.6
18
37
67
82
128
174
231
1517
333
.11
20
30
51
76
161
198
295
375
409
.10
33
40
58
75
501
137
649
296
423
.11
39
49
73
242
324
519
223
255
401
.6
12
26
43
85
43
49
66
123
246
.6
3
7
9
39
25
41
38
99
65
.20
53
252
421
181
603
1373
901
507
1041
.7
4
4
20
33
48
73
105
167
253
.13
25
32
29
39
134
513
217
139
641
.9
14
24
39
161
58
63
119
83
109
.15
7
11
20
31
247
60
88
276
106
.4
5
5
8
15
16
15
17
19
24
.7
13
19
57
40
113
143
86
361
207
.13
16
37
46
69
95
233
321
584
413
.8
5
6
26
27
39
148
88
233
273
.40
45
59
244
290
312
334
307
1590
443
.8
3
3
4
6
11
18
30
40
71
.4
5
9
22
30
53
74
79
286
118
.24
45
80
136
211
454
283
577
1566
3632
.35
18
19
20
28
23
27
34
33
36
.29
41
47
79
107
170
191
484
220
294
.13
35
65
35
52
66
89
107
121
148
.9
31
65
85
399
155
337
445
394
303
.8
17
17
38
51
75
75
160
135
172
.8
9
17
28
31
43
63
194
90
84
.12
25
31
39
60
66
93
127
126
160
.9
15
19
41
47
55
77
82
100
119
.6
3
3
10
21
34
48
65
124
282
.18
24
38
156
87
119
318
671
2292
555
.13
29
71
59
83
123
197
553
187
218
.7
7
12
50
32
33
48
115
70
248
.10
5
8
57
29
55
72
94
116
158
.3
6
10
36
188
146
151
338
136
153
.5
2
3
13
17
22
30
45
206
161
.8
21
69
45
235
139
170
111
123
152
.16
43
147
146
276
293
500
885
1656
908
.12
4
13
22
46
45
62
76
105
125
.27
69
50
66
104
114
150
180
528
548
.10
16
20
28
44
50
64
237
85
105
.5
13
45
47
75
103
142
348
457
234
.29
45
144
114
317
205
259
328
1454
4085
.8
5
6
8
12
21
24
55
29
31
.3
10
14
40
43
50
70
136
106
134
.3
3
3
4
8
12
13
36
38
28
.8
14
26
50
64
93
108
139
185
287
.5
23
30
67
86
126
168
421
247
734
.8
3
11
26
49
72
115
128
173
202
.104
68
107
160
379
444
1493
505
662
1015
.5
4
8
18
29
32
43
41
41
51
.13
20
25
31
43
133
194
119
277
1015
.13
12
7
11
21
32
43
50
63
78
.4
5
9
13
23
52
27
36
87
44
.16
24
31
45
108
113
135
273
792
245
.8
7
8
11
28
73
45
49
69
154
.9
4
4
10
25
32
48
66
163
262
.15
28
64
101
211
137
274
751
142
952
.7
19
28
53
75
574
295
176
437
242
.10
38
53
114
75
90
121
131
235
170
.6
14
35
51
107
461
141
164
207
541
.4
8
17
30
45
41
60
63
174
207
.5
7
18
6
28
22
27
39
57
79
.5
4
11
30
46
76
283
133
379
280
.14
29
140
70
109
136
339
477
223
398
.6
9
17
29
53
77
61
69
467
3326
.9
3
4
11
11
18
23
33
39
73
.16
22
37
43
77
74
135
114
4435
325
.4
18
35
4099
87
307
266
761
438
575
.12
31
33
70
75
122
115
156
254
216
.4
6
10
16
21
29
38
103
250
72
.5
10
17
25
30
36
44
176
134
86
.17
84
260
361
140
767
983
1470
1625
475
.6
11
12
8
16
51
35
43
53
56
.5
23
50
73
89
119
156
1251
566
410
.6
13
65
44
62
169
335
146
713
414
.10
12
16
28
46
54
141
356
93
115
.7
21
44
147
422
177
567
1605
821
396
.14
28
96
75
93
133
196
304
256
592
.5
15
27
50
82
115
143
786
444
377
.12
17
28
37
163
70
78
271
134
332
.7
3
2
10
18
31
36
48
68
87
.18
30
50
69
71
96
120
158
173
202
.4
10
10
20
72
724
57
64
1087
129
.8
18
31
28
38
43
51
73
85
81
.11
16
25
38
80
205
91
109
137
694
.14
24
36
55
66
83
104
190
148
716
.9
14
24
28
33
47
425
79
330
136
.4
4
8
10
21
30
62
31
40
49
.4
3
3
6
10
16
19
24
33
41
.9
18
33
48
60
69
94
104
125
147
.11
24
43
59
80
204
286
169
199
221
.7
8
16
23
69
45
53
102
263
167
.6
7
11
15
19
23
28
39
88
151
.3
3
3
12
29
41
130
178
375
152
.5
6
8
13
19
24
29
33
39
44
.12
75
127
170
560
212
245
1314
329
850
.4
7
8
15
17
22
60
33
39
48
.4
4
9
23
23
35
111
68
173
106
.4
11
14
26
37
49
65
246
206
376
.5
6
8
16
26
79
104
67
76
99
.4
5
6
7
8
9
41
21
28
41
.3
12
33
61
180
170
185
206
247
1371
.12
30
45
69
295
131
178
398
1499
270
.14
26
109
176
494
144
948
568
447
1359
.17
54
83
134
196
265
320
376
1907
538
.7
19
31
47
67
151
207
159
268
281
.7
16
28
40
69
264
293
268
367
195
.13
31
60
202
134
1152
404
277
444
827
.9
18
24
48
70
61
49
52
68
92
.13
12
21
37
62
79
75
104
120
366
.15
39
65
103
144
399
1323
1618
889
2036
.13
39
46
85
116
359
181
208
267
314
.15
27
38
30
1725
78
82
103
143
160
.3
10
56
55
55
79
283
140
184
226
.8
19
21
27
48
3626
84
842
110
134
.10
23
34
49
118
73
97
1672
159
189
.10
24
21
29
32
41
53
67
86
77
.4
8
15
52
47
58
72
102
124
127
.